1	2023.04.04 08:30	buy	1	0.69	132.875	132.647	133.445	0.00	10000.00
2	2023.04.04 09:41	s/l	1	0.69	132.647	132.647	133.445	-118.60	9881.40
3	2023.04.05 09:00	sell	2	0.69	131.535	131.759	130.975	0.00	9881.40
4	2023.04.05 13:42	s/l	2	0.69	131.759	131.759	130.975	-117.31	9764.09
5	2023.04.05 14:30	sell	3	0.64	131.563	131.803	130.963	0.00	9764.09
6	2023.04.05 15:15	modify	3	0.64	131.563	131.553	130.963	0.00	9764.09
7	2023.04.05 15:33	t/p	3	0.64	130.963	131.553	130.963	293.21	10057.30
8	2023.04.06 11:30	sell	4	0.85	131.276	131.463	130.809	0.00	10057.30
9	2023.04.06 13:06	s/l	4	0.85	131.463	131.463	130.809	-120.91	9936.39
10	2023.04.07 09:00	buy	5	0.91	131.791	131.619	132.221	0.00	9936.39
11	2023.04.07 13:12	s/l	5	0.91	131.619	131.619	132.221	-118.92	9817.47
12	2023.04.07 15:15	buy	6	0.92	131.721	131.552	132.144	0.00	9817.47
13	2023.04.07 15:30	modify	6	0.92	131.721	131.731	132.144	0.00	9817.47
14	2023.04.07 15:30	t/p	6	0.92	132.144	131.731	132.144	294.49	10111.96
15	2023.04.11 09:15	buy	7	0.76	133.414	133.205	133.937	0.00	10111.96
16	2023.04.11 10:27	s/l	7	0.76	133.205	133.205	133.937	-119.24	9992.72
17	2023.04.12 08:15	buy	8	0.99	133.829	133.669	134.229	0.00	9992.72
18	2023.04.12 09:50	s/l	8	0.99	133.669	133.669	134.229	-118.50	9874.22
19	2023.04.12 11:30	buy	9	0.74	133.932	133.723	134.455	0.00	9874.22
20	2023.04.12 12:32	s/l	9	0.74	133.723	133.723	134.455	-115.66	9758.56
21	2023.04.13 10:00	sell	10	0.79	133.155	133.349	132.670	0.00	9758.56
22	2023.04.13 14:52	s/l	10	0.79	133.349	133.349	132.670	-114.93	9643.63
23	2023.04.20 15:15	buy	11	0.63	134.764	134.524	135.364	0.00	9643.63
24	2023.04.20 15:30	s/l	11	0.63	134.524	134.524	135.364	-112.40	9531.23
25	2023.04.21 11:30	sell	12	0.84	133.914	134.092	133.469	0.00	9531.23
26	2023.04.21 15:32	modify	12	0.84	133.914	133.904	133.469	0.00	9531.23
27	2023.04.21 16:45	s/l	12	0.84	133.904	133.904	133.469	6.27	9537.50
28	2023.04.24 10:45	buy	13	0.89	134.271	134.102	134.694	0.00	9537.50
29	2023.04.24 13:15	modify	13	0.89	134.271	134.281	134.694	0.00	9537.50
30	2023.04.24 14:23	t/p	13	0.89	134.694	134.281	134.694	279.50	9817.00
31	2023.04.24 16:30	buy	14	1.01	134.598	134.445	134.981	0.00	9817.00
32	2023.04.24 17:40	s/l	14	1.01	134.445	134.445	134.981	-114.94	9702.06
33	2023.04.27 11:00	buy	15	0.78	133.793	133.598	134.281	0.00	9702.06
34	2023.04.27 13:58	s/l	15	0.78	133.598	133.598	134.281	-113.85	9588.21
35	2023.05.02 10:15	buy	16	0.75	137.673	137.471	138.178	0.00	9588.21
36	2023.05.02 11:24	s/l	16	0.75	137.471	137.471	138.178	-110.21	9478.00
37	2023.05.02 15:30	buy	17	0.69	137.471	137.254	138.014	0.00	9478.00
38	2023.05.02 17:00	s/l	17	0.69	137.254	137.254	138.014	-109.09	9368.91
39	2023.05.03 09:45	sell	18	0.93	135.965	136.124	135.568	0.00	9368.91
40	2023.05.03 11:06	modify	18	0.93	135.965	135.955	135.568	0.00	9368.91
41	2023.05.03 11:16	t/p	18	0.93	135.568	135.955	135.568	272.34	9641.25
42	2023.05.04 14:00	sell	19	0.79	134.483	134.676	134.001	0.00	9641.25
43	2023.05.04 15:31	s/l	19	0.79	134.676	134.676	134.001	-113.21	9528.04
44	2023.05.08 10:15	buy	20	0.62	134.909	134.666	135.517	0.00	9528.04
45	2023.05.08 19:52	s/l	20	0.62	134.666	134.666	135.517	-111.88	9416.16
46	2023.05.09 11:30	buy	21	0.65	134.995	134.766	135.568	0.00	9416.16
47	2023.05.09 14:01	s/l	21	0.65	134.766	134.766	135.568	-110.45	9305.71
48	2023.05.11 14:00	sell	22	0.90	134.539	134.703	134.129	0.00	9305.71
49	2023.05.11 14:11	modify	22	0.90	134.539	134.529	134.129	0.00	9305.71
50	2023.05.11 14:45	t/p	22	0.90	134.129	134.529	134.129	275.11	9580.82
51	2023.05.12 14:15	buy	23	0.93	134.771	134.609	135.176	0.00	9580.82
52	2023.05.12 15:10	modify	23	0.93	134.771	134.781	135.176	0.00	9580.82
53	2023.05.12 16:32	s/l	23	0.93	134.781	134.781	135.176	6.90	9587.72
54	2023.05.15 15:15	buy	24	0.75	136.226	136.024	136.731	0.00	9587.72
55	2023.05.15 15:30	s/l	24	0.75	136.024	136.024	136.731	-111.38	9476.34
56	2023.05.17 15:00	buy	25	0.97	137.013	136.859	137.398	0.00	9476.34
57	2023.05.17 16:50	modify	25	0.97	137.013	137.023	137.398	0.00	9476.34
58	2023.05.17 17:01	t/p	25	0.97	137.398	137.023	137.398	271.80	9748.14
59	2023.05.18 10:00	buy	26	0.85	137.545	137.364	137.998	0.00	9748.14
60	2023.05.18 10:55	modify	26	0.85	137.545	137.555	137.998	0.00	9748.14
61	2023.05.18 15:32	t/p	26	0.85	137.998	137.555	137.998	279.03	10027.17
62	2023.05.19 14:15	buy	27	0.91	138.333	138.159	138.768	0.00	10027.17
63	2023.05.19 16:01	modify	27	0.91	138.333	138.343	138.768	0.00	10027.17
64	2023.05.19 18:06	s/l	27	0.91	138.343	138.343	138.768	6.58	10033.75
65	2023.05.22 11:45	sell	28	0.91	137.842	138.016	137.407	0.00	10033.75
66	2023.05.22 14:10	s/l	28	0.91	138.016	138.016	137.407	-114.72	9919.03
67	2023.05.23 15:30	buy	29	0.76	138.578	138.371	139.096	0.00	9919.03
68	2023.05.23 15:58	modify	29	0.76	138.578	138.588	139.096	0.00	9919.03
69	2023.05.23 16:15	s/l	29	0.76	138.588	138.588	139.096	5.49	9924.52
70	2023.05.24 08:45	sell	30	1.00	138.307	138.463	137.917	0.00	9924.52
71	2023.05.24 09:11	s/l	30	1.00	138.463	138.463	137.917	-112.67	9811.85
72	2023.05.24 11:00	buy	31	0.68	138.654	138.428	139.219	0.00	9811.85
73	2023.05.24 14:39	s/l	31	0.68	138.428	138.428	139.219	-111.02	9700.83
74	2023.05.25 10:00	buy	32	0.85	139.613	139.432	140.066	0.00	9700.83
75	2023.05.25 10:13	s/l	32	0.85	139.432	139.432	140.066	-110.34	9590.49
76	2023.05.25 14:00	buy	33	0.87	139.600	139.427	140.033	0.00	9590.49
77	2023.05.25 15:04	s/l	33	0.87	139.427	139.427	140.033	-107.95	9482.54
78	2023.05.26 10:15	buy	34	0.61	139.830	139.585	140.443	0.00	9482.54
79	2023.05.26 10:47	s/l	34	0.61	139.585	139.585	140.443	-107.07	9375.47
80	2023.05.29 10:30	buy	35	0.70	140.471	140.261	140.996	0.00	9375.47
81	2023.05.29 12:22	s/l	35	0.70	140.261	140.261	140.996	-104.80	9270.67
82	2023.06.06 08:00	sell	36	0.73	139.454	139.655	138.952	0.00	9270.67
83	2023.06.06 10:33	modify	36	0.73	139.454	139.444	138.952	0.00	9270.67
84	2023.06.06 13:55	s/l	36	0.73	139.444	139.444	138.952	5.24	9275.91
85	2023.06.07 08:45	sell	37	0.88	139.196	139.363	138.779	0.00	9275.91
86	2023.06.07 10:12	s/l	37	0.88	139.363	139.363	138.779	-105.45	9170.46
87	2023.06.08 09:30	buy	38	0.59	139.959	139.714	140.572	0.00	9170.46
88	2023.06.08 11:21	s/l	38	0.59	139.714	139.714	140.572	-103.46	9067.00
89	2023.06.12 08:30	buy	39	0.85	139.524	139.356	139.944	0.00	9067.00
90	2023.06.12 11:31	s/l	39	0.85	139.356	139.356	139.944	-102.47	8964.53
91	2023.06.13 08:30	sell	40	0.91	139.432	139.587	139.045	0.00	8964.53
92	2023.06.13 09:17	s/l	40	0.91	139.587	139.587	139.045	-101.05	8863.48
93	2023.06.16 14:00	buy	41	0.81	140.942	140.769	141.375	0.00	8863.48
94	2023.06.16 15:44	modify	41	0.81	140.942	140.952	141.375	0.00	8863.48
95	2023.06.16 16:30	t/p	41	0.81	141.375	140.952	141.375	248.08	9111.56
96	2023.06.19 10:30	buy	42	0.65	141.844	141.622	142.399	0.00	9111.56
97	2023.06.20 03:30	modify	42	0.65	141.844	141.854	142.399	0.00	9111.56
98	2023.06.20 05:09	s/l	42	0.65	141.854	141.854	142.399	9.63	9121.19
99	2023.06.20 16:00	sell	43	0.93	141.481	141.636	141.094	0.00	9121.19
100	2023.06.20 17:18	s/l	43	0.93	141.636	141.636	141.094	-101.77	9019.42
101	2023.06.22 11:15	buy	44	0.65	141.894	141.677	142.437	0.00	9019.42
102	2023.06.22 15:59	modify	44	0.65	141.894	141.904	142.437	0.00	9019.42
103	2023.06.22 16:11	t/p	44	0.65	142.437	141.904	142.437	247.79	9267.21
104	2023.06.26 09:30	buy	45	0.77	143.454	143.264	143.929	0.00	9267.21
105	2023.06.26 10:10	s/l	45	0.77	143.264	143.264	143.929	-102.12	9165.09
106	2023.06.26 14:45	buy	46	0.78	143.250	143.064	143.715	0.00	9165.09
107	2023.06.26 15:52	s/l	46	0.78	143.064	143.064	143.715	-101.41	9063.68
108	2023.06.28 10:30	buy	47	0.74	144.106	143.914	144.586	0.00	9063.68
109	2023.06.28 12:30	s/l	47	0.74	143.914	143.914	144.586	-98.73	8964.95
110	2023.07.03 09:00	buy	48	0.58	144.587	144.345	145.192	0.00	8964.95
111	2023.07.03 17:00	s/l	48	0.58	144.345	144.345	145.192	-97.24	8867.71
112	2023.07.05 08:15	buy	49	0.92	144.613	144.461	144.993	0.00	8867.71
113	2023.07.05 10:58	s/l	49	0.92	144.461	144.461	144.993	-96.80	8770.91
114	2023.07.10 14:15	sell	50	0.59	142.368	142.602	141.783	0.00	8770.91
115	2023.07.10 16:21	modify	50	0.59	142.368	142.358	141.783	0.00	8770.91
116	2023.07.10 16:30	t/p	50	0.59	141.783	142.358	141.783	243.44	9014.35
117	2023.07.11 09:30	sell	51	0.62	140.736	140.965	140.164	0.00	9014.35
118	2023.07.11 12:27	modify	51	0.62	140.736	140.726	140.164	0.00	9014.35
119	2023.07.11 16:35	s/l	51	0.62	140.726	140.726	140.164	4.41	9018.76
120	2023.07.12 14:00	sell	52	0.85	139.547	139.714	139.130	0.00	9018.76
121	2023.07.12 15:30	modify	52	0.85	139.547	139.537	139.130	0.00	9018.76
122	2023.07.12 15:30	t/p	52	0.85	139.130	139.537	139.130	254.76	9273.52
123	2023.07.13 15:30	sell	53	0.72	138.408	138.612	137.898	0.00	9273.52
124	2023.07.13 15:31	s/l	53	0.72	138.612	138.612	137.898	-105.96	9167.56
125	2023.07.17 09:45	sell	54	0.72	138.443	138.643	137.943	0.00	9167.56
126	2023.07.17 10:18	s/l	54	0.72	138.643	138.643	137.943	-103.86	9063.70
127	2023.07.17 11:15	sell	55	0.60	138.537	138.775	137.942	0.00	9063.70
128	2023.07.17 12:47	modify	55	0.60	138.537	138.527	137.942	0.00	9063.70
129	2023.07.17 15:23	s/l	55	0.60	138.527	138.527	137.942	4.33	9068.03
130	2023.07.18 10:00	sell	56	0.59	138.324	138.565	137.722	0.00	9068.03
131	2023.07.18 15:30	modify	56	0.59	138.324	138.314	137.722	0.00	9068.03
132	2023.07.18 15:30	t/p	56	0.59	137.722	138.314	137.722	257.90	9325.93
133	2023.07.20 08:00	buy	57	0.83	139.379	139.201	139.824	0.00	9325.93
134	2023.07.20 10:48	modify	57	0.83	139.379	139.389	139.824	0.00	9325.93
135	2023.07.20 11:45	s/l	57	0.83	139.389	139.389	139.824	5.95	9331.88
136	2023.07.21 08:30	buy	58	0.84	140.205	140.030	140.643	0.00	9331.88
137	2023.07.21 10:32	modify	58	0.84	140.205	140.215	140.643	0.00	9331.88
138	2023.07.21 10:32	t/p	58	0.84	140.643	140.215	140.643	261.60	9593.48
139	2023.07.24 09:00	buy	59	0.77	141.573	141.377	142.063	0.00	9593.48
140	2023.07.24 10:01	s/l	59	0.77	141.377	141.377	142.063	-106.76	9486.72
141	2023.07.26 09:15	sell	60	0.69	140.887	141.104	140.345	0.00	9486.72
142	2023.07.26 11:05	modify	60	0.69	140.887	140.877	140.345	0.00	9486.72
143	2023.07.26 11:32	t/p	60	0.69	140.345	140.877	140.345	266.48	9753.20
144	2023.07.31 16:00	buy	61	0.69	142.271	142.049	142.826	0.00	9753.20
145	2023.07.31 16:16	modify	61	0.69	142.271	142.281	142.826	0.00	9753.20
146	2023.07.31 16:53	s/l	61	0.69	142.281	142.281	142.826	4.85	9758.05
147	2023.08.01 10:45	buy	62	0.76	142.741	142.539	143.246	0.00	9758.05
148	2023.08.01 15:02	modify	62	0.76	142.741	142.751	143.246	0.00	9758.05
149	2023.08.01 15:54	t/p	62	0.76	143.246	142.751	143.246	267.93	10025.98
150	2023.08.04 08:30	sell	63	0.87	142.387	142.569	141.932	0.00	10025.98
151	2023.08.04 09:32	s/l	63	0.87	142.569	142.569	141.932	-111.06	9914.92
152	2023.08.04 10:15	sell	64	0.77	142.507	142.711	141.997	0.00	9914.92
153	2023.08.04 10:57	s/l	64	0.77	142.711	142.711	141.997	-110.07	9804.85
154	2023.08.07 11:00	sell	65	0.97	142.119	142.278	141.722	0.00	9804.85
155	2023.08.07 11:18	s/l	65	0.97	142.278	142.278	141.722	-108.40	9696.45
156	2023.08.07 15:00	sell	66	0.69	142.180	142.402	141.625	0.00	9696.45
157	2023.08.07 16:45	modify	66	0.69	142.180	142.170	141.625	0.00	9696.45
158	2023.08.07 17:00	s/l	66	0.69	142.170	142.170	141.625	4.86	9701.31
159	2023.08.08 08:30	buy	67	0.96	143.273	143.113	143.673	0.00	9701.31
160	2023.08.08 09:13	s/l	67	0.96	143.113	143.113	143.673	-107.33	9593.98
161	2023.08.08 15:45	buy	68	0.78	143.088	142.895	143.571	0.00	9593.98
162	2023.08.08 21:23	modify	68	0.78	143.088	143.098	143.571	0.00	9593.98
163	2023.08.09 03:37	s/l	68	0.78	143.098	143.098	143.571	11.51	9605.48
164	2023.08.09 10:30	buy	69	0.84	143.182	143.002	143.632	0.00	9605.48
165	2023.08.09 15:12	modify	69	0.84	143.182	143.192	143.632	0.00	9605.48
166	2023.08.09 17:50	t/p	69	0.84	143.632	143.192	143.632	263.18	9868.66
167	2023.08.15 15:15	buy	70	0.84	145.622	145.437	146.085	0.00	9868.66
168	2023.08.15 16:06	s/l	70	0.84	145.437	145.437	146.085	-106.85	9761.81
169	2023.08.16 10:30	buy	71	0.67	145.516	145.287	146.089	0.00	9761.81
170	2023.08.16 15:30	modify	71	0.67	145.516	145.526	146.089	0.00	9761.81
171	2023.08.16 20:38	t/p	71	0.67	146.089	145.526	146.089	262.79	10024.60
172	2023.08.18 14:45	sell	72	0.71	145.328	145.550	144.773	0.00	10024.60
173	2023.08.18 15:10	s/l	72	0.71	145.550	145.550	144.773	-108.29	9916.31
174	2023.08.22 09:00	buy	73	0.80	146.093	145.898	146.581	0.00	9916.31
175	2023.08.22 09:24	s/l	73	0.80	145.898	145.898	146.581	-106.92	9809.39
176	2023.08.23 09:30	sell	74	0.81	145.552	145.743	145.075	0.00	9809.39
177	2023.08.23 10:10	s/l	74	0.81	145.743	145.743	145.075	-106.15	9703.24
178	2023.08.23 14:15	sell	75	0.69	145.338	145.558	144.788	0.00	9703.24
179	2023.08.23 15:09	s/l	75	0.69	145.558	145.558	144.788	-104.29	9598.95
180	2023.08.24 09:45	sell	76	0.95	145.054	145.214	144.654	0.00	9598.95
181	2023.08.24 10:22	s/l	76	0.95	145.214	145.214	144.654	-104.68	9494.27
182	2023.08.25 11:00	buy	77	0.84	146.065	145.886	146.513	0.00	9494.27
183	2023.08.25 15:12	s/l	77	0.84	145.886	145.886	146.513	-103.07	9391.20
184	2023.08.25 16:30	buy	78	0.64	146.116	145.886	146.691	0.00	9391.20
185	2023.08.25 17:03	s/l	78	0.64	145.886	145.886	146.691	-100.90	9290.30
186	2023.08.31 10:15	sell	79	0.67	145.855	146.072	145.313	0.00	9290.30
187	2023.08.31 16:10	s/l	79	0.67	146.072	146.072	145.313	-99.53	9190.77
188	2023.09.01 10:30	sell	80	0.59	145.402	145.645	144.795	0.00	9190.77
189	2023.09.01 15:30	modify	80	0.59	145.402	145.392	144.795	0.00	9190.77
190	2023.09.01 15:30	t/p	80	0.59	144.795	145.392	144.795	247.34	9438.11
191	2023.09.06 14:15	buy	81	0.86	147.447	147.274	147.880	0.00	9438.11
192	2023.09.06 15:02	s/l	81	0.86	147.274	147.274	147.880	-101.02	9337.09
193	2023.09.12 11:15	sell	82	0.67	146.713	146.934	146.161	0.00	9337.09
194	2023.09.12 13:35	s/l	82	0.67	146.934	146.934	146.161	-100.77	9236.32
195	2023.09.13 10:45	buy	83	0.88	147.362	147.196	147.777	0.00	9236.32
196	2023.09.13 15:30	modify	83	0.88	147.362	147.372	147.777	0.00	9236.32
197	2023.09.13 15:35	s/l	83	0.88	147.372	147.372	147.777	5.97	9242.29
198	2023.09.18 11:00	buy	84	0.90	147.727	147.565	148.132	0.00	9242.29
199	2023.09.19 00:02	s/l	84	0.90	147.565	147.565	148.132	-91.81	9150.48
200	2023.09.19 15:45	buy	85	0.86	147.798	147.631	148.216	0.00	9150.48
201	2023.09.19 17:45	s/l	85	0.86	147.631	147.631	148.216	-97.28	9053.20
202	2023.09.28 11:30	buy	86	0.83	149.410	149.238	149.840	0.00	9053.20
203	2023.09.28 12:44	s/l	86	0.83	149.238	149.238	149.840	-95.66	8957.54
204	2023.09.29 16:15	sell	87	0.68	149.089	149.296	148.572	0.00	8957.54
205	2023.09.29 16:51	s/l	87	0.68	149.296	149.296	148.572	-94.28	8863.26
206	2023.10.02 10:45	buy	88	0.75	149.722	149.536	150.187	0.00	8863.26
207	2023.10.03 17:00	modify	88	0.75	149.722	149.732	150.187	0.00	8863.26
208	2023.10.03 17:12	s/l	88	0.75	149.732	149.732	150.187	10.83	8874.10
209	2023.10.04 10:15	sell	89	0.66	149.073	149.284	148.546	0.00	8874.10
210	2023.10.04 10:44	modify	89	0.66	149.073	149.063	148.546	0.00	8874.10
211	2023.10.04 11:32	s/l	89	0.66	149.063	149.063	148.546	4.43	8878.53
212	2023.10.04 14:00	sell	90	0.85	149.028	149.192	148.618	0.00	8878.53
213	2023.10.04 18:47	modify	90	0.85	149.028	149.018	148.618	0.00	8878.53
214	2023.10.04 20:27	s/l	90	0.85	149.018	149.018	148.618	5.70	8884.23
215	2023.10.12 10:30	buy	91	0.60	149.168	148.935	149.751	0.00	8884.23
216	2023.10.12 16:48	modify	91	0.60	149.168	149.178	149.751	0.00	8884.23
217	2023.10.12 18:06	t/p	91	0.60	149.751	149.178	149.751	233.59	9117.82
218	2023.10.13 16:30	buy	92	0.77	149.619	149.433	150.084	0.00	9117.82
219	2023.10.16 00:01	s/l	92	0.77	149.433	149.433	150.084	-89.92	9027.90
220	2023.10.16 16:30	buy	93	0.85	149.566	149.398	149.986	0.00	9027.90
221	2023.10.17 13:13	s/l	93	0.85	149.398	149.398	149.986	-88.98	8938.92
222	2023.10.18 15:45	buy	94	0.93	149.760	149.608	150.140	0.00	8938.92
223	2023.10.20 11:15	modify	94	0.93	149.760	149.770	150.140	0.00	8938.92
224	2023.10.20 11:23	s/l	94	0.93	149.770	149.770	150.140	35.10	8974.02
225	2023.10.24 09:15	sell	95	0.85	149.602	149.769	149.185	0.00	8974.02
226	2023.10.24 10:06	modify	95	0.85	149.602	149.592	149.185	0.00	8974.02
227	2023.10.24 12:14	s/l	95	0.85	149.592	149.592	149.185	5.68	8979.70
228	2023.10.26 14:30	buy	96	0.75	150.369	150.180	150.842	0.00	8979.70
229	2023.10.26 15:54	s/l	96	0.75	150.180	150.180	150.842	-94.39	8885.31
230	2023.11.01 10:00	buy	97	0.85	151.384	151.220	151.794	0.00	8885.31
231	2023.11.01 10:53	s/l	97	0.85	151.220	151.220	151.794	-92.18	8793.13
232	2023.11.01 15:15	buy	98	0.67	151.268	151.062	151.783	0.00	8793.13
233	2023.11.01 16:00	s/l	98	0.67	151.062	151.062	151.783	-91.37	8701.76
234	2023.11.02 11:15	sell	99	0.71	150.299	150.492	149.817	0.00	8701.76
235	2023.11.02 14:52	modify	99	0.71	150.299	150.289	149.817	0.00	8701.76
236	2023.11.02 15:46	s/l	99	0.71	150.289	150.289	149.817	4.72	8706.48
237	2023.11.02 16:45	sell	100	0.73	150.241	150.430	149.769	0.00	8706.48
238	2023.11.02 17:15	s/l	100	0.73	150.430	150.430	149.769	-91.72	8614.76
239	2023.11.09 10:30	buy	101	0.64	151.042	150.830	151.572	0.00	8614.76
240	2023.11.09 21:35	modify	101	0.64	151.042	151.052	151.572	0.00	8614.76
241	2023.11.10 19:21	t/p	101	0.64	151.572	151.052	151.572	228.76	8843.52
242	2023.11.13 10:15	buy	102	0.89	151.806	151.649	152.199	0.00	8843.52
243	2023.11.13 17:02	s/l	102	0.89	151.649	151.649	152.199	-92.14	8751.38
244	2023.11.14 10:15	buy	103	0.91	151.703	151.551	152.083	0.00	8751.38
245	2023.11.14 15:30	s/l	103	0.91	151.551	151.551	152.083	-91.27	8660.11
246	2023.11.15 09:45	sell	104	0.81	150.604	150.773	150.182	0.00	8660.11
247	2023.11.15 11:39	modify	104	0.81	150.604	150.594	150.182	0.00	8660.11
248	2023.11.15 15:30	t/p	104	0.81	150.182	150.594	150.182	227.60	8887.71
249	2023.11.21 08:45	sell	105	0.77	147.668	147.850	147.213	0.00	8887.71
250	2023.11.21 09:16	modify	105	0.77	147.668	147.658	147.213	0.00	8887.71
251	2023.11.21 10:32	t/p	105	0.77	147.213	147.658	147.213	237.99	9125.70
252	2023.11.23 09:45	buy	106	0.70	149.181	148.975	149.696	0.00	9125.70
253	2023.11.23 15:05	modify	106	0.70	149.181	149.191	149.696	0.00	9125.70
254	2023.11.24 02:08	t/p	106	0.70	149.696	149.191	149.696	246.25	9371.94
255	2023.11.24 09:15	buy	107	0.75	149.441	149.244	149.934	0.00	9371.94
256	2023.11.27 03:27	s/l	107	0.75	149.244	149.244	149.934	-93.18	9278.77
257	2023.11.28 08:30	sell	108	0.93	148.210	148.368	147.815	0.00	9278.77
258	2023.11.28 08:55	s/l	108	0.93	148.368	148.368	147.815	-99.03	9179.74
259	2023.11.28 14:15	sell	109	0.90	148.480	148.641	148.078	0.00	9179.74
260	2023.11.28 15:06	s/l	109	0.90	148.641	148.641	148.078	-97.48	9082.26
261	2023.11.29 08:30	sell	110	0.77	147.095	147.281	146.630	0.00	9082.26
262	2023.11.29 09:05	s/l	110	0.77	147.281	147.281	146.630	-97.24	8985.02
263	2023.11.30 10:00	sell	111	0.63	147.061	147.285	146.501	0.00	8985.02
264	2023.11.30 11:36	s/l	111	0.63	147.285	147.285	146.501	-95.81	8889.21
265	2023.12.01 08:45	buy	112	0.61	148.224	147.995	148.797	0.00	8889.21
266	2023.12.01 10:39	s/l	112	0.61	147.995	147.995	148.797	-94.39	8794.82
267	2023.12.04 08:15	sell	113	0.76	146.687	146.869	146.232	0.00	8794.82
268	2023.12.04 09:50	s/l	113	0.76	146.869	146.869	146.232	-94.18	8700.64
269	2023.12.05 08:00	sell	114	0.91	147.027	147.178	146.650	0.00	8700.64
270	2023.12.05 08:39	modify	114	0.91	147.027	147.017	146.650	0.00	8700.64
271	2023.12.05 10:51	s/l	114	0.91	147.017	147.017	146.650	6.19	8706.83
272	2023.12.15 09:45	sell	115	0.64	141.861	142.075	141.326	0.00	8706.83
273	2023.12.15 12:24	modify	115	0.64	141.861	141.851	141.326	0.00	8706.83
274	2023.12.15 15:32	s/l	115	0.64	141.851	141.851	141.326	4.51	8711.34
275	2023.12.18 11:15	sell	116	0.66	142.246	142.455	141.724	0.00	8711.34
276	2023.12.18 11:55	s/l	116	0.66	142.455	142.455	141.724	-96.83	8614.51
277	2023.12.20 08:15	buy	117	0.66	143.732	143.526	144.247	0.00	8614.51
278	2023.12.20 09:07	s/l	117	0.66	143.526	143.526	144.247	-94.73	8519.78
279	2023.12.20 15:45	sell	118	0.64	143.404	143.612	142.884	0.00	8519.78
280	2023.12.20 17:25	s/l	118	0.64	143.612	143.612	142.884	-92.69	8427.09
281	2023.12.22 08:30	sell	119	0.62	142.269	142.483	141.734	0.00	8427.09
282	2023.12.22 13:44	modify	119	0.62	142.269	142.259	141.734	0.00	8427.09
283	2023.12.22 15:30	s/l	119	0.62	142.259	142.259	141.734	4.36	8431.45
284	2023.12.26 15:30	sell	120	0.72	142.288	142.473	141.826	0.00	8431.45
285	2023.12.26 17:33	s/l	120	0.72	142.473	142.473	141.826	-93.49	8337.96
286	2023.12.27 08:30	buy	121	0.77	142.673	142.503	143.098	0.00	8337.96
287	2023.12.27 10:05	s/l	121	0.77	142.503	142.503	143.098	-91.86	8246.10
288	2024.01.02 09:00	buy	122	0.64	141.531	141.329	142.036	0.00	8246.10
289	2024.01.02 10:13	s/l	122	0.64	141.329	141.329	142.036	-91.47	8154.63
290	2024.01.03 08:00	buy	123	0.64	142.131	141.931	142.631	0.00	8154.63
291	2024.01.03 09:20	modify	123	0.64	142.131	142.141	142.631	0.00	8154.63
292	2024.01.03 10:31	t/p	123	0.64	142.631	142.141	142.631	224.36	8378.99
293	2024.01.05 10:45	buy	124	0.54	145.074	144.832	145.679	0.00	8378.99
294	2024.01.05 15:30	modify	124	0.54	145.074	145.084	145.679	0.00	8378.99
295	2024.01.05 15:30	t/p	124	0.54	145.679	145.084	145.679	224.26	8603.25
296	2024.01.10 08:15	buy	125	0.59	144.875	144.647	145.445	0.00	8603.25
297	2024.01.10 14:41	modify	125	0.59	144.875	144.885	145.445	0.00	8603.25
298	2024.01.10 16:41	t/p	125	0.59	145.445	144.885	145.445	231.22	8834.47
299	2024.01.16 10:00	buy	126	0.72	146.168	145.976	146.648	0.00	8834.47
300	2024.01.16 10:38	modify	126	0.72	146.168	146.178	146.648	0.00	8834.47
301	2024.01.16 12:19	t/p	126	0.72	146.648	146.178	146.648	235.67	9070.14
302	2024.01.17 15:00	buy	127	0.80	147.742	147.564	148.187	0.00	9070.14
303	2024.01.17 16:41	modify	127	0.80	147.742	147.752	148.187	0.00	9070.14
304	2024.01.17 16:46	t/p	127	0.80	148.187	147.752	148.187	240.24	9310.38
305	2024.01.18 14:45	buy	128	0.82	147.912	147.732	148.362	0.00	9310.38
306	2024.01.18 15:42	modify	128	0.82	147.912	147.922	148.362	0.00	9310.38
307	2024.01.18 16:22	s/l	128	0.82	147.922	147.922	148.362	5.54	9315.92
308	2024.01.19 14:30	buy	129	0.86	148.111	147.940	148.539	0.00	9315.92
309	2024.01.19 16:37	modify	129	0.86	148.111	148.121	148.539	0.00	9315.92
310	2024.01.19 17:00	s/l	129	0.86	148.121	148.121	148.539	5.81	9321.73
311	2024.01.25 08:45	sell	130	0.71	147.690	147.898	147.170	0.00	9321.73
312	2024.01.25 15:30	s/l	130	0.71	147.898	147.898	147.170	-99.85	9221.88
313	2024.01.26 14:45	buy	131	0.87	147.791	147.624	148.209	0.00	9221.88
314	2024.01.26 15:30	s/l	131	0.87	147.624	147.624	148.209	-98.42	9123.46
315	2024.01.29 15:00	buy	132	0.89	147.979	147.817	148.384	0.00	9123.46
316	2024.01.29 17:30	s/l	132	0.89	147.817	147.817	148.384	-97.54	9025.92
317	2024.01.30 09:15	sell	133	0.91	147.270	147.427	146.878	0.00	9025.92
318	2024.01.30 10:10	s/l	133	0.91	147.427	147.427	146.878	-96.91	8929.01
319	2024.01.30 16:15	sell	134	0.83	147.410	147.580	146.985	0.00	8929.01
320	2024.01.30 16:50	modify	134	0.83	147.410	147.400	146.985	0.00	8929.01
321	2024.01.30 17:00	s/l	134	0.83	147.400	147.400	146.985	5.63	8934.64
322	2024.02.05 10:00	buy	135	0.67	148.489	148.278	149.017	0.00	8934.64
323	2024.02.05 17:53	modify	135	0.67	148.489	148.499	149.017	0.00	8934.64
324	2024.02.05 20:51	s/l	135	0.67	148.499	148.499	149.017	4.51	8939.15
325	2024.02.07 09:15	sell	136	0.79	147.903	148.082	147.456	0.00	8939.15
326	2024.02.07 10:56	s/l	136	0.79	148.082	148.082	147.456	-95.49	8843.66
327	2024.02.07 11:45	sell	137	0.73	147.906	148.098	147.426	0.00	8843.66
328	2024.02.07 12:40	s/l	137	0.73	148.098	148.098	147.426	-94.64	8749.02
329	2024.02.09 10:00	buy	138	0.65	149.407	149.194	149.940	0.00	8749.02
330	2024.02.09 15:31	s/l	138	0.65	149.194	149.194	149.940	-92.80	8656.22
331	2024.02.13 09:30	buy	139	0.74	149.621	149.437	150.081	0.00	8656.22
332	2024.02.13 13:14	s/l	139	0.74	149.437	149.437	150.081	-91.12	8565.10
333	2024.02.14 16:00	buy	140	0.63	150.722	150.509	151.255	0.00	8565.10
334	2024.02.14 16:30	s/l	140	0.63	150.509	150.509	151.255	-89.16	8475.94
335	2024.02.15 10:15	sell	141	0.80	150.071	150.239	149.651	0.00	8475.94
336	2024.02.15 15:30	modify	141	0.80	150.071	150.061	149.651	0.00	8475.94
337	2024.02.15 15:30	t/p	141	0.80	149.651	150.061	149.651	224.52	8700.46
338	2024.02.21 14:15	sell	142	0.89	149.959	150.113	149.574	0.00	8700.46
339	2024.02.21 16:31	s/l	142	0.89	150.113	150.113	149.574	-91.30	8609.16
340	2024.02.26 16:15	buy	143	0.67	150.740	150.539	151.243	0.00	8609.16
341	2024.02.27 01:37	s/l	143	0.67	150.539	150.539	151.243	-84.26	8524.90
342	2024.02.27 14:15	sell	144	0.85	150.239	150.397	149.844	0.00	8524.90
343	2024.02.27 16:28	s/l	144	0.85	150.397	150.397	149.844	-89.30	8435.60
344	2024.02.28 15:00	buy	145	0.83	150.746	150.585	151.149	0.00	8435.60
345	2024.02.28 15:31	s/l	145	0.83	150.585	150.585	151.149	-88.74	8346.86
346	2024.02.28 16:45	buy	146	0.87	150.790	150.638	151.170	0.00	8346.86
347	2024.02.28 20:09	s/l	146	0.87	150.638	150.638	151.170	-87.79	8259.07
348	2024.03.01 14:15	buy	147	0.86	150.451	150.300	150.829	0.00	8259.07
349	2024.03.01 16:45	modify	147	0.86	150.451	150.461	150.829	0.00	8259.07
350	2024.03.01 17:00	s/l	147	0.86	150.461	150.461	150.829	5.72	8264.79
351	2024.03.04 11:00	buy	148	0.56	150.384	150.152	150.964	0.00	8264.79
352	2024.03.05 15:39	s/l	148	0.56	150.152	150.152	150.964	-82.18	8182.61
353	2024.03.06 11:45	sell	149	0.80	149.720	149.882	149.315	0.00	8182.61
354	2024.03.06 15:30	modify	149	0.80	149.720	149.710	149.315	0.00	8182.61
355	2024.03.06 15:33	s/l	149	0.80	149.710	149.710	149.315	5.34	8187.95
356	2024.03.08 09:45	sell	150	0.53	147.818	148.062	147.208	0.00	8187.95
357	2024.03.08 11:20	modify	150	0.53	147.818	147.808	147.208	0.00	8187.95
358	2024.03.08 11:33	t/p	150	0.53	147.208	147.808	147.208	219.62	8407.57
359	2024.03.11 09:45	sell	151	0.67	146.845	147.043	146.350	0.00	8407.57
360	2024.03.11 11:48	modify	151	0.67	146.845	146.835	146.350	0.00	8407.57
361	2024.03.11 14:26	s/l	151	0.67	146.835	146.835	146.350	4.56	8412.13
362	2024.03.12 14:15	buy	152	0.55	147.551	147.310	148.154	0.00	8412.13
363	2024.03.12 14:30	modify	152	0.55	147.551	147.561	148.154	0.00	8412.13
364	2024.03.12 14:30	t/p	152	0.55	148.154	147.561	148.154	223.85	8635.98
365	2024.03.13 16:15	buy	153	0.67	147.959	147.757	148.464	0.00	8635.98
366	2024.03.13 17:06	s/l	153	0.67	147.757	147.757	148.464	-91.60	8544.38
367	2024.03.15 14:15	buy	154	0.84	148.724	148.564	149.124	0.00	8544.38
368	2024.03.15 15:36	modify	154	0.84	148.724	148.734	149.124	0.00	8544.38
369	2024.03.15 17:58	t/p	154	0.84	149.124	148.734	149.124	225.32	8769.70
370	2024.03.18 11:30	buy	155	0.79	149.226	149.051	149.664	0.00	8769.70
371	2024.03.18 13:12	s/l	155	0.79	149.051	149.051	149.664	-92.75	8676.95
372	2024.03.19 14:30	buy	156	0.58	150.561	150.324	151.154	0.00	8676.95
373	2024.03.19 18:39	modify	156	0.58	150.561	150.571	151.154	0.00	8676.95
374	2024.03.20 02:01	t/p	156	0.58	151.154	150.571	151.154	232.04	8908.99
375	2024.03.20 10:00	buy	157	0.79	151.494	151.317	151.937	0.00	8908.99
376	2024.03.20 11:50	modify	157	0.79	151.494	151.504	151.937	0.00	8908.99
377	2024.03.20 20:00	s/l	157	0.79	151.504	151.504	151.937	5.22	8914.21
378	2024.03.25 09:00	buy	158	0.91	151.324	151.170	151.709	0.00	8914.21
379	2024.03.25 09:40	s/l	158	0.91	151.170	151.170	151.709	-92.70	8821.51
380	2024.03.25 10:00	buy	159	0.76	151.330	151.148	151.785	0.00	8821.51
381	2024.03.25 14:37	s/l	159	0.76	151.148	151.148	151.785	-91.52	8729.99
382	2024.03.27 10:30	buy	160	0.81	151.791	151.622	152.214	0.00	8729.99
383	2024.03.27 11:01	s/l	160	0.81	151.622	151.622	152.214	-90.28	8639.71
384	2024.04.11 14:15	buy	161	0.90	153.181	153.030	153.559	0.00	8639.71
385	2024.04.11 14:36	s/l	161	0.90	153.030	153.030	153.559	-88.81	8550.90
386	2024.04.16 11:30	buy	162	0.77	154.525	154.351	154.960	0.00	8550.90
387	2024.04.16 16:39	s/l	162	0.77	154.351	154.351	154.960	-86.81	8464.09
388	2024.04.18 09:15	sell	163	0.81	154.180	154.344	153.770	0.00	8464.09
389	2024.04.18 11:32	s/l	163	0.81	154.344	154.344	153.770	-86.07	8378.02
390	2024.04.18 16:15	buy	164	0.88	154.462	154.311	154.840	0.00	8378.02
391	2024.04.19 04:31	s/l	164	0.88	154.311	154.311	154.840	-79.28	8298.74
392	2024.04.19 11:15	sell	165	0.81	154.384	154.546	153.979	0.00	8298.74
393	2024.04.19 13:06	s/l	165	0.81	154.546	154.546	153.979	-84.91	8213.83
394	2024.05.06 10:00	sell	166	0.67	153.689	153.881	153.209	0.00	8213.83
395	2024.05.06 11:07	s/l	166	0.67	153.881	153.881	153.209	-83.60	8130.23
396	2024.05.06 11:45	sell	167	0.69	153.707	153.893	153.242	0.00	8130.23
397	2024.05.06 15:48	modify	167	0.69	153.707	153.697	153.242	0.00	8130.23
398	2024.05.06 16:25	s/l	167	0.69	153.697	153.697	153.242	4.49	8134.72
399	2024.05.07 15:00	buy	168	0.75	154.530	154.360	154.955	0.00	8134.72
400	2024.05.07 16:07	s/l	168	0.75	154.360	154.360	154.955	-82.60	8052.12
401	2024.05.10 09:45	buy	169	0.63	155.680	155.480	156.180	0.00	8052.12
402	2024.05.13 18:03	modify	169	0.63	155.680	155.690	156.180	0.00	8052.12
403	2024.05.13 18:08	t/p	169	0.63	156.180	155.690	156.180	206.58	8258.71
404	2024.05.20 15:15	buy	170	0.79	155.840	155.676	156.250	0.00	8258.71
405	2024.05.20 15:37	modify	170	0.79	155.840	155.850	156.250	0.00	8258.71
406	2024.05.20 21:54	t/p	170	0.79	156.250	155.850	156.250	207.30	8466.01
407	2024.05.21 15:15	buy	171	0.73	156.381	156.198	156.839	0.00	8466.01
408	2024.05.21 15:58	s/l	171	0.73	156.198	156.198	156.839	-85.53	8380.48
409	2024.05.22 09:30	buy	172	0.74	156.443	156.265	156.888	0.00	8380.48
410	2024.05.22 22:52	modify	172	0.74	156.443	156.453	156.888	0.00	8380.48
411	2024.05.23 04:10	t/p	172	0.74	156.888	156.453	156.888	227.14	8607.62
412	2024.05.23 10:45	buy	173	0.79	156.713	156.541	157.143	0.00	8607.62
413	2024.05.23 15:05	s/l	173	0.79	156.541	156.541	157.143	-86.80	8520.82
414	2024.05.30 14:15	sell	174	0.77	156.869	157.043	156.434	0.00	8520.82
415	2024.05.30 15:48	modify	174	0.77	156.869	156.859	156.434	0.00	8520.82
416	2024.05.30 16:11	t/p	174	0.77	156.434	156.859	156.434	214.12	8734.94
417	2024.06.04 08:15	sell	175	0.88	156.203	156.359	155.813	0.00	8734.94
418	2024.06.04 09:14	modify	175	0.88	156.203	156.193	155.813	0.00	8734.94
419	2024.06.04 10:03	t/p	175	0.88	155.813	156.193	155.813	220.27	8955.21
420	2024.06.07 11:30	sell	176	0.60	155.350	155.585	154.763	0.00	8955.21
421	2024.06.07 13:56	s/l	176	0.60	155.585	155.585	154.763	-90.63	8864.58
422	2024.06.10 15:45	buy	177	0.61	157.008	156.779	157.581	0.00	8864.58
423	2024.06.11 10:30	modify	177	0.61	157.008	157.018	157.581	0.00	8864.58
424	2024.06.11 15:04	s/l	177	0.61	157.018	157.018	157.581	8.63	8873.20
425	2024.06.20 10:45	buy	178	0.58	158.271	158.030	158.874	0.00	8873.20
426	2024.06.20 16:31	modify	178	0.58	158.271	158.281	158.874	0.00	8873.20
427	2024.06.20 19:51	t/p	178	0.58	158.874	158.281	158.874	220.14	9093.34
428	2024.06.27 09:45	buy	179	0.74	160.493	160.300	160.976	0.00	9093.34
429	2024.06.27 15:57	s/l	179	0.74	160.300	160.300	160.976	-89.10	9004.24
430	2024.06.27 16:45	buy	180	0.79	160.517	160.337	160.967	0.00	9004.24
431	2024.06.27 21:56	modify	180	0.79	160.517	160.527	160.967	0.00	9004.24
432	2024.06.28 03:55	t/p	180	0.79	160.967	160.527	160.967	226.98	9231.23
433	2024.07.01 10:30	buy	181	0.68	161.060	160.846	161.595	0.00	9231.23
434	2024.07.01 15:41	modify	181	0.68	161.060	161.070	161.595	0.00	9231.23
435	2024.07.01 17:00	s/l	181	0.68	161.070	161.070	161.595	4.23	9235.46
436	2024.07.03 10:15	buy	182	0.59	161.894	161.649	162.507	0.00	9235.46
437	2024.07.03 16:15	s/l	182	0.59	161.649	161.649	162.507	-89.42	9146.04
438	2024.07.04 09:15	sell	183	0.88	161.407	161.571	160.997	0.00	9146.04
439	2024.07.04 13:24	modify	183	0.88	161.407	161.397	160.997	0.00	9146.04
440	2024.07.04 14:04	t/p	183	0.88	160.997	161.397	160.997	224.10	9370.14
441	2024.07.09 11:30	buy	184	0.86	161.012	160.840	161.442	0.00	9370.14
442	2024.07.09 17:05	modify	184	0.86	161.012	161.022	161.442	0.00	9370.14
443	2024.07.09 18:13	t/p	184	0.86	161.442	161.022	161.442	229.06	9599.20
444	2024.07.10 08:30	buy	185	0.92	161.570	161.405	161.983	0.00	9599.20
445	2024.07.10 09:26	s/l	185	0.92	161.405	161.405	161.983	-94.05	9505.15
446	2024.07.12 11:45	sell	186	0.73	159.077	159.282	158.565	0.00	9505.15
447	2024.07.12 15:07	modify	186	0.73	159.077	159.067	158.565	0.00	9505.15
448	2024.07.12 15:08	t/p	186	0.73	158.565	159.067	158.565	235.73	9740.88
449	2024.07.15 14:00	sell	187	0.88	157.951	158.126	157.514	0.00	9740.88
450	2024.07.15 14:51	s/l	187	0.88	158.126	158.126	157.514	-97.38	9643.50
451	2024.07.15 16:00	sell	188	0.68	157.958	158.182	157.398	0.00	9643.50
452	2024.07.15 19:41	modify	188	0.68	157.958	157.948	157.398	0.00	9643.50
453	2024.07.15 19:42	t/p	188	0.68	157.398	157.948	157.398	241.97	9885.47
454	2024.07.23 15:45	sell	189	0.72	156.069	156.285	155.529	0.00	9885.47
455	2024.07.23 19:40	modify	189	0.72	156.069	156.059	155.529	0.00	9885.47
456	2024.07.24 00:13	t/p	189	0.72	155.529	156.059	155.529	241.00	10126.46
457	2024.07.30 15:00	buy	190	0.98	154.895	154.732	155.303	0.00	10126.46
458	2024.07.30 16:04	s/l	190	0.98	154.732	154.732	155.303	-103.24	10023.22
459	2024.08.16 10:00	buy	191	0.68	149.069	148.836	149.652	0.00	10023.22
460	2024.08.16 11:20	s/l	191	0.68	148.836	148.836	149.652	-106.45	9916.77
461	2024.08.19 14:30	sell	192	0.66	146.169	146.407	145.574	0.00	9916.77
462	2024.08.19 16:02	s/l	192	0.66	146.407	146.407	145.574	-107.29	9809.48
463	2024.08.20 15:00	sell	193	0.78	146.372	146.570	145.877	0.00	9809.48
464	2024.08.20 16:20	modify	193	0.78	146.372	146.362	145.877	0.00	9809.48
465	2024.08.20 17:20	t/p	193	0.78	145.877	146.362	145.877	264.68	10074.16
466	2024.08.21 15:15	sell	194	0.64	145.945	146.194	145.323	0.00	10074.16
467	2024.08.21 16:12	modify	194	0.64	145.945	145.935	145.323	0.00	10074.16
468	2024.08.21 17:00	s/l	194	0.64	145.935	145.935	145.323	4.39	10078.55
469	2024.08.22 09:30	sell	195	0.67	145.232	145.469	144.640	0.00	10078.55
470	2024.08.22 10:15	s/l	195	0.67	145.469	145.469	144.640	-109.16	9969.39
471	2024.08.23 15:30	buy	196	0.85	146.109	145.924	146.572	0.00	9969.39
472	2024.08.23 16:43	modify	196	0.85	146.109	146.119	146.572	0.00	9969.39
473	2024.08.23 17:00	s/l	196	0.85	146.119	146.119	146.572	5.81	9975.20
474	2024.08.27 10:00	buy	197	0.71	144.847	144.625	145.402	0.00	9975.20
475	2024.08.27 14:28	s/l	197	0.71	144.625	144.625	145.402	-108.99	9866.21
476	2024.08.28 14:45	sell	198	0.71	144.286	144.505	143.739	0.00	9866.21
477	2024.08.28 15:12	s/l	198	0.71	144.505	144.505	143.739	-107.60	9758.61
478	2024.08.29 10:15	buy	199	0.71	144.701	144.485	145.241	0.00	9758.61
479	2024.08.29 11:39	s/l	199	0.71	144.485	144.485	145.241	-106.14	9652.47
480	2024.09.02 08:15	buy	200	0.62	146.073	145.829	146.683	0.00	9652.47
481	2024.09.02 10:55	modify	200	0.62	146.073	146.083	146.683	0.00	9652.47
482	2024.09.02 11:17	t/p	200	0.62	146.683	146.083	146.683	257.83	9910.30
483	2024.09.03 14:15	sell	201	0.96	145.919	146.082	145.512	0.00	9910.30
484	2024.09.03 14:31	s/l	201	0.96	146.082	146.082	145.512	-107.12	9803.18
485	2024.09.04 15:45	sell	202	0.76	145.031	145.235	144.521	0.00	9803.18
486	2024.09.04 17:00	modify	202	0.76	145.031	145.021	144.521	0.00	9803.18
487	2024.09.04 17:00	t/p	202	0.76	144.521	145.021	144.521	268.22	10071.40
488	2024.09.10 09:30	buy	203	0.72	143.260	143.039	143.813	0.00	10071.40
489	2024.09.10 10:57	modify	203	0.72	143.260	143.270	143.813	0.00	10071.40
490	2024.09.10 12:15	s/l	203	0.72	143.270	143.270	143.813	5.03	10076.43
491	2024.09.10 16:45	sell	204	1.02	142.975	143.131	142.585	0.00	10076.43
492	2024.09.10 17:13	modify	204	1.02	142.975	142.965	142.585	0.00	10076.43
493	2024.09.10 17:16	t/p	204	1.02	142.585	142.965	142.585	278.99	10355.42
494	2024.09.17 11:30	sell	205	1.06	140.561	140.715	140.176	0.00	10355.42
495	2024.09.17 14:02	s/l	205	1.06	140.715	140.715	140.176	-116.01	10239.41
496	2024.09.17 14:45	sell	206	0.81	140.559	140.759	140.059	0.00	10239.41
497	2024.09.17 15:28	s/l	206	0.81	140.759	140.759	140.059	-115.09	10124.32
498	2024.09.20 08:45	sell	207	0.93	142.222	142.393	141.795	0.00	10124.32
499	2024.09.20 09:22	modify	207	0.93	142.222	142.212	141.795	0.00	10124.32
500	2024.09.20 09:33	t/p	207	0.93	141.795	142.212	141.795	280.07	10404.39
501	2024.09.24 16:15	buy	208	0.70	144.115	143.880	144.703	0.00	10404.39
502	2024.09.24 17:00	s/l	208	0.70	143.880	143.880	144.703	-114.33	10290.06
503	2024.09.26 08:30	buy	209	0.86	144.794	144.606	145.264	0.00	10290.06
504	2024.09.26 10:22	modify	209	0.86	144.794	144.804	145.264	0.00	10290.06
505	2024.09.26 11:22	s/l	209	0.86	144.804	144.804	145.264	5.94	10296.00
506	2024.10.07 08:00	buy	210	0.72	148.547	148.321	149.112	0.00	10296.00
507	2024.10.07 10:04	s/l	210	0.72	148.321	148.321	149.112	-109.71	10186.29
508	2024.10.08 10:00	buy	211	0.89	148.002	147.822	148.452	0.00	10186.29
509	2024.10.08 10:13	s/l	211	0.89	147.822	147.822	148.452	-108.38	10077.91
510	2024.10.08 15:15	buy	212	0.88	147.974	147.793	148.427	0.00	10077.91
511	2024.10.08 16:56	modify	212	0.88	147.974	147.984	148.427	0.00	10077.91
512	2024.10.09 04:08	t/p	212	0.88	148.427	147.984	148.427	275.41	10353.33
513	2024.10.09 14:45	buy	213	0.94	148.662	148.489	149.095	0.00	10353.33
514	2024.10.09 16:20	modify	213	0.94	148.662	148.672	149.095	0.00	10353.33
515	2024.10.09 16:39	t/p	213	0.94	149.095	148.672	149.095	272.99	10626.32
516	2024.10.11 10:45	buy	214	1.11	148.794	148.643	149.172	0.00	10626.32
517	2024.10.11 13:45	modify	214	1.11	148.794	148.804	149.172	0.00	10626.32
518	2024.10.11 15:30	s/l	214	1.11	148.804	148.804	149.172	7.46	10633.78
519	2024.10.15 09:00	buy	215	0.74	149.646	149.420	150.211	0.00	10633.78
520	2024.10.15 09:20	s/l	215	0.74	149.420	149.420	150.211	-111.92	10521.86
521	2024.10.16 10:30	sell	216	1.03	149.174	149.335	148.772	0.00	10521.86
522	2024.10.16 10:42	s/l	216	1.03	149.335	149.335	148.772	-111.04	10410.82
523	2024.10.17 08:00	buy	217	0.95	149.549	149.376	149.982	0.00	10410.82
524	2024.10.17 11:40	modify	217	0.95	149.549	149.559	149.982	0.00	10410.82
525	2024.10.17 13:56	s/l	217	0.95	149.559	149.559	149.982	6.35	10417.17
526	2024.10.18 09:45	buy	218	0.86	149.966	149.775	150.444	0.00	10417.17
527	2024.10.18 13:10	s/l	218	0.86	149.775	149.775	150.444	-109.67	10307.50
528	2024.10.22 10:00	buy	219	0.84	150.835	150.641	151.320	0.00	10307.50
529	2024.10.22 16:35	s/l	219	0.84	150.641	150.641	151.320	-108.17	10199.33
530	2024.10.24 15:15	sell	220	0.85	151.923	152.113	151.448	0.00	10199.33
531	2024.10.24 15:30	s/l	220	0.85	152.113	152.113	151.448	-106.17	10093.16
532	2024.10.29 09:15	buy	221	0.65	153.135	152.889	153.750	0.00	10093.16
533	2024.10.29 13:47	modify	221	0.65	153.135	153.145	153.750	0.00	10093.16
534	2024.10.29 14:23	t/p	221	0.65	153.750	153.145	153.750	260.00	10353.16
535	2024.10.30 08:15	buy	222	0.71	153.404	153.173	153.982	0.00	10353.16
536	2024.10.30 10:11	s/l	222	0.71	153.173	153.173	153.982	-107.08	10246.08
537	2024.11.04 11:30	sell	223	0.65	151.909	152.158	151.287	0.00	10246.08
538	2024.11.04 18:06	s/l	223	0.65	152.158	152.158	151.287	-106.37	10139.71
539	2024.11.05 10:15	buy	224	0.72	152.379	152.158	152.932	0.00	10139.71
540	2024.11.05 11:01	s/l	224	0.72	152.158	152.158	152.932	-104.58	10035.13
541	2024.11.05 15:30	sell	225	1.04	152.199	152.352	151.817	0.00	10035.13
542	2024.11.05 15:47	modify	225	1.04	152.199	152.189	151.817	0.00	10035.13
543	2024.11.05 16:30	t/p	225	1.04	151.817	152.189	151.817	261.68	10296.81
544	2024.11.11 09:45	buy	226	0.68	153.531	153.294	154.124	0.00	10296.81
545	2024.11.11 15:19	modify	226	0.68	153.531	153.541	154.124	0.00	10296.81
546	2024.11.12 01:42	s/l	226	0.68	153.541	153.541	154.124	9.71	10306.52
547	2024.11.12 15:15	buy	227	0.82	154.177	153.979	154.672	0.00	10306.52
548	2024.11.12 16:07	modify	227	0.82	154.177	154.187	154.672	0.00	10306.52
549	2024.11.12 18:40	t/p	227	0.82	154.672	154.187	154.672	262.42	10568.94
550	2024.11.14 10:45	buy	228	0.92	155.903	155.721	156.358	0.00	10568.94
551	2024.11.14 12:23	modify	228	0.92	155.903	155.913	156.358	0.00	10568.94
552	2024.11.14 13:51	s/l	228	0.92	155.913	155.913	156.358	5.90	10574.84
553	2024.11.14 14:30	buy	229	0.89	156.026	155.838	156.496	0.00	10574.84
554	2024.11.14 15:16	s/l	229	0.89	155.838	155.838	156.496	-107.37	10467.47
555	2024.11.18 10:00	sell	230	0.77	154.570	154.785	154.033	0.00	10467.47
556	2024.11.18 10:13	s/l	230	0.77	154.785	154.785	154.033	-106.95	10360.52
557	2024.11.20 15:30	buy	231	0.99	155.775	155.609	156.190	0.00	10360.52
558	2024.11.20 16:20	s/l	231	0.99	155.609	155.609	156.190	-105.61	10254.91
559	2024.11.26 11:45	sell	232	0.81	153.941	154.140	153.444	0.00	10254.91
560	2024.11.26 14:06	modify	232	0.81	153.941	153.931	153.444	0.00	10254.91
561	2024.11.26 14:11	t/p	232	0.81	153.444	153.931	153.444	262.36	10517.27
562	2024.11.28 14:30	sell	233	0.72	151.674	151.903	151.102	0.00	10517.27
563	2024.11.29 01:20	modify	233	0.72	151.674	151.664	151.102	0.00	10517.27
564	2024.11.29 01:34	t/p	233	0.72	151.102	151.664	151.102	263.58	10780.84
565	2024.11.29 16:45	sell	234	0.73	149.943	150.176	149.361	0.00	10780.84
566	2024.11.29 17:25	s/l	234	0.73	150.176	150.176	149.361	-113.26	10667.58
567	2024.12.06 15:15	buy	235	1.00	150.516	150.348	150.936	0.00	10667.58
568	2024.12.06 15:30	s/l	235	1.00	150.348	150.348	150.936	-111.74	10555.84
569	2024.12.10 16:30	buy	236	0.82	151.768	151.566	152.273	0.00	10555.84
570	2024.12.10 17:52	modify	236	0.82	151.768	151.778	152.273	0.00	10555.84
571	2024.12.11 01:56	s/l	236	0.82	151.778	151.778	152.273	11.77	10567.61
572	2024.12.11 09:00	buy	237	1.07	151.773	151.617	152.163	0.00	10567.61
573	2024.12.11 09:13	s/l	237	1.07	151.617	151.617	152.163	-110.09	10457.52
574	2024.12.13 15:00	buy	238	1.00	153.465	153.300	153.878	0.00	10457.52
575	2024.12.13 15:44	s/l	238	1.00	153.300	153.300	153.878	-107.63	10349.89
576	2024.12.13 16:15	buy	239	0.97	153.409	153.241	153.829	0.00	10349.89
577	2024.12.13 17:56	modify	239	0.97	153.409	153.419	153.829	0.00	10349.89
578	2024.12.16 02:01	s/l	239	0.97	153.419	153.419	153.829	13.85	10363.74
579	2024.12.16 08:30	buy	240	0.72	153.756	153.528	154.326	0.00	10363.74
580	2024.12.16 09:30	s/l	240	0.72	153.528	153.528	154.326	-106.92	10256.82
581	2024.12.16 11:45	buy	241	1.07	153.774	153.622	154.154	0.00	10256.82
582	2024.12.16 14:33	modify	241	1.07	153.774	153.784	154.154	0.00	10256.82
583	2024.12.16 16:19	t/p	241	1.07	154.154	153.784	154.154	263.76	10520.58
584	2024.12.23 11:30	buy	242	0.78	156.656	156.443	157.189	0.00	10520.58
585	2024.12.23 14:06	modify	242	0.78	156.656	156.666	157.189	0.00	10520.58
586	2024.12.23 15:08	t/p	242	0.78	157.189	156.666	157.189	264.48	10785.06
587	2024.12.24 08:45	buy	243	0.69	157.132	156.887	157.745	0.00	10785.06
588	2024.12.26 13:12	modify	243	0.69	157.132	157.142	157.745	0.00	10785.06
589	2024.12.26 15:32	t/p	243	0.69	157.745	157.142	157.745	289.57	11074.64
590	2024.12.31 09:30	sell	244	0.70	156.145	156.393	155.525	0.00	11074.64
591	2024.12.31 11:36	s/l	244	0.70	156.393	156.393	155.525	-111.00	10963.64
592	2025.01.03 10:15	buy	245	0.83	157.269	157.060	157.792	0.00	10963.64
593	2025.01.03 14:35	s/l	245	0.83	157.060	157.060	157.792	-110.45	10853.19
594	2025.01.07 14:15	buy	246	0.83	157.806	157.601	158.319	0.00	10853.19
595	2025.01.07 15:15	s/l	246	0.83	157.601	157.601	158.319	-107.97	10745.22
596	2025.01.09 09:45	sell	247	0.96	158.038	158.214	157.598	0.00	10745.22
597	2025.01.09 10:00	s/l	247	0.96	158.214	158.214	157.598	-106.79	10638.43
598	2025.01.10 14:00	sell	248	0.89	157.993	158.181	157.523	0.00	10638.43
599	2025.01.10 15:30	s/l	248	0.89	158.181	158.181	157.523	-105.78	10532.65
600	2025.01.13 09:15	sell	249	0.72	157.385	157.615	156.810	0.00	10532.65
601	2025.01.13 10:31	s/l	249	0.72	157.615	157.615	156.810	-105.07	10427.58
602	2025.01.14 09:00	sell	250	0.87	157.481	157.670	157.009	0.00	10427.58
603	2025.01.14 10:54	s/l	250	0.87	157.670	157.670	157.009	-104.29	10323.29
604	2025.01.16 10:15	sell	251	0.66	156.013	156.261	155.393	0.00	10323.29
605	2025.01.16 11:58	modify	251	0.66	156.013	156.003	155.393	0.00	10323.29
606	2025.01.16 14:22	s/l	251	0.66	156.003	156.003	155.393	4.23	10327.52
607	2025.01.17 15:15	sell	252	0.80	155.565	155.769	155.055	0.00	10327.52
608	2025.01.17 16:16	s/l	252	0.80	155.769	155.769	155.055	-104.77	10222.75
609	2025.01.20 10:15	buy	253	0.87	156.116	155.931	156.579	0.00	10222.75
610	2025.01.20 12:50	modify	253	0.87	156.116	156.126	156.579	0.00	10222.75
611	2025.01.20 15:30	s/l	253	0.87	156.126	156.126	156.579	5.57	10228.32
612	2025.01.22 08:30	buy	254	0.72	155.885	155.662	156.443	0.00	10228.32
613	2025.01.22 10:33	s/l	254	0.72	155.662	155.662	156.443	-103.15	10125.17
614	2025.01.23 09:00	buy	255	1.01	156.625	156.467	157.020	0.00	10125.17
615	2025.01.23 10:16	s/l	255	1.01	156.467	156.467	157.020	-101.99	10023.18
616	2025.01.23 14:00	buy	256	0.82	156.557	156.364	157.040	0.00	10023.18
617	2025.01.23 15:00	s/l	256	0.82	156.364	156.364	157.040	-101.21	9921.97
618	2025.01.24 10:00	sell	257	0.65	155.385	155.627	154.780	0.00	9921.97
619	2025.01.24 10:16	modify	257	0.65	155.385	155.375	154.780	0.00	9921.97
620	2025.01.24 10:52	s/l	257	0.65	155.375	155.375	154.780	4.18	9926.15
621	2025.01.28 11:00	buy	258	0.81	155.726	155.532	156.211	0.00	9926.15
622	2025.01.28 11:30	s/l	258	0.81	155.532	155.532	156.211	-101.04	9825.11
623	2025.01.30 08:45	sell	259	0.63	154.505	154.751	153.890	0.00	9825.11
624	2025.01.30 14:50	modify	259	0.63	154.505	154.495	153.890	0.00	9825.11
625	2025.01.30 15:57	t/p	259	0.63	153.890	154.495	153.890	251.77	10076.88
626	2025.02.04 09:15	buy	260	0.82	155.334	155.140	155.819	0.00	10076.88
627	2025.02.04 10:48	s/l	260	0.82	155.140	155.140	155.819	-102.54	9974.34
628	2025.02.04 11:45	buy	261	0.75	155.254	155.045	155.777	0.00	9974.34
629	2025.02.04 16:32	s/l	261	0.75	155.045	155.045	155.777	-101.10	9873.24
630	2025.02.05 08:00	sell	262	0.99	153.430	153.587	153.038	0.00	9873.24
631	2025.02.05 08:44	modify	262	0.99	153.430	153.420	153.038	0.00	9873.24
632	2025.02.05 10:43	t/p	262	0.99	153.038	153.420	153.038	253.59	10126.83
633	2025.02.05 15:15	sell	263	0.71	152.744	152.968	152.184	0.00	10126.83
634	2025.02.05 15:15	s/l	263	0.71	152.968	152.968	152.184	-103.97	10022.86
635	2025.02.10 08:15	sell	264	0.75	151.854	152.065	151.327	0.00	10022.86
636	2025.02.10 09:26	s/l	264	0.75	152.065	152.065	151.327	-104.07	9918.79
637	2025.02.10 14:15	buy	265	0.77	152.236	152.033	152.744	0.00	9918.79
638	2025.02.10 14:49	s/l	265	0.77	152.033	152.033	152.744	-102.81	9815.98
639	2025.02.11 08:30	buy	266	0.96	151.977	151.816	152.380	0.00	9815.98
640	2025.02.11 10:27	s/l	266	0.96	151.816	151.816	152.380	-101.81	9714.17
641	2025.02.12 14:15	buy	267	0.83	153.626	153.442	154.086	0.00	9714.17
642	2025.02.12 14:58	s/l	267	0.83	153.442	153.442	154.086	-99.53	9614.64
643	2025.02.13 10:00	buy	268	0.61	154.284	154.037	154.902	0.00	9614.64
644	2025.02.13 10:54	s/l	268	0.61	154.037	154.037	154.902	-97.82	9516.82
645	2025.02.14 11:30	sell	269	0.63	152.623	152.859	152.033	0.00	9516.82
646	2025.02.14 15:32	modify	269	0.63	152.623	152.613	152.033	0.00	9516.82
647	2025.02.14 18:24	t/p	269	0.63	152.033	152.613	152.033	244.49	9761.31
648	2025.02.18 15:00	sell	270	0.94	151.723	151.887	151.313	0.00	9761.31
649	2025.02.18 19:06	s/l	270	0.94	151.887	151.887	151.313	-101.49	9659.82
650	2025.02.19 16:00	sell	271	0.76	151.692	151.893	151.190	0.00	9659.82
651	2025.02.19 16:45	modify	271	0.76	151.692	151.682	151.190	0.00	9659.82
652	2025.02.19 18:33	s/l	271	0.76	151.682	151.682	151.190	5.01	9664.83
653	2025.02.20 10:45	sell	272	0.89	150.238	150.410	149.808	0.00	9664.83
654	2025.02.20 11:02	s/l	272	0.89	150.410	150.410	149.808	-101.78	9563.05
655	2025.02.20 16:30	sell	273	0.68	150.016	150.236	149.466	0.00	9563.05
656	2025.02.20 17:25	modify	273	0.68	150.016	150.006	149.466	0.00	9563.05
657	2025.02.20 19:37	t/p	273	0.68	149.466	150.006	149.466	250.22	9813.27
658	2025.02.21 15:30	sell	274	0.81	150.343	150.533	149.868	0.00	9813.27
659	2025.02.21 16:45	modify	274	0.81	150.343	150.333	149.868	0.00	9813.27
660	2025.02.21 16:45	t/p	274	0.81	149.868	150.333	149.868	256.73	10070.00
661	2025.02.24 09:45	sell	275	0.78	149.352	149.555	148.845	0.00	10070.00
662	2025.02.24 10:05	s/l	275	0.78	149.555	149.555	148.845	-105.87	9964.13
663	2025.02.24 16:30	sell	276	0.64	149.648	149.893	149.036	0.00	9964.13
664	2025.02.24 17:03	modify	276	0.64	149.648	149.638	149.036	0.00	9964.13
665	2025.02.24 18:25	s/l	276	0.64	149.638	149.638	149.036	4.28	9968.41
666	2025.03.07 09:45	sell	277	0.65	147.524	147.766	146.919	0.00	9968.41
667	2025.03.07 14:12	s/l	277	0.65	147.766	147.766	146.919	-106.45	9861.96
668	2025.03.14 14:30	buy	278	0.74	148.775	148.565	149.300	0.00	9861.96
669	2025.03.14 15:02	s/l	278	0.74	148.565	148.565	149.300	-104.60	9757.36
670	2025.03.17 09:00	buy	279	0.78	148.980	148.782	149.475	0.00	9757.36
671	2025.03.17 10:02	s/l	279	0.78	148.782	148.782	149.475	-103.81	9653.55
672	2025.03.18 11:30	buy	280	0.77	149.830	149.633	150.323	0.00	9653.55
673	2025.03.18 12:15	s/l	280	0.77	149.633	149.633	150.323	-101.38	9552.17
674	2025.03.18 14:00	buy	281	0.72	149.749	149.541	150.269	0.00	9552.17
675	2025.03.18 16:00	s/l	281	0.72	149.541	149.541	150.269	-100.15	9452.02
676	2025.03.19 15:00	buy	282	0.68	149.799	149.579	150.349	0.00	9452.02
677	2025.03.19 16:01	modify	282	0.68	149.799	149.809	150.349	0.00	9452.02
678	2025.03.19 16:44	s/l	282	0.68	149.809	149.809	150.349	4.54	9456.56
679	2025.03.21 10:15	buy	283	0.72	149.432	149.224	149.952	0.00	9456.56
680	2025.03.21 12:37	s/l	283	0.72	149.224	149.224	149.952	-100.36	9356.20
681	2025.03.21 16:45	sell	284	0.79	148.829	149.015	148.364	0.00	9356.20
682	2025.03.21 18:00	s/l	284	0.79	149.015	149.015	148.364	-98.61	9257.59
683	2025.04.02 09:30	buy	285	0.78	149.973	149.786	150.441	0.00	9257.59
684	2025.04.02 09:39	s/l	285	0.78	149.786	149.786	150.441	-97.38	9160.21
685	2025.04.16 14:30	sell	286	0.71	142.622	142.826	142.112	0.00	9160.21
686	2025.04.16 18:25	s/l	286	0.71	142.826	142.826	142.112	-101.41	9058.80
687	2025.04.22 11:00	sell	287	0.64	140.278	140.500	139.723	0.00	9058.80
688	2025.04.22 11:35	s/l	287	0.64	140.500	140.500	139.723	-101.12	8957.68
689	2025.04.23 14:00	buy	288	0.64	141.996	141.775	142.549	0.00	8957.68
690	2025.04.23 14:35	s/l	288	0.64	141.775	141.775	142.549	-99.76	8857.92
691	2025.04.23 16:00	buy	289	0.63	141.846	141.623	142.404	0.00	8857.92
692	2025.04.23 16:37	modify	289	0.63	141.846	141.856	142.404	0.00	8857.92
693	2025.04.23 16:47	t/p	289	0.63	142.404	141.856	142.404	246.86	9104.78
694	2025.04.25 15:30	buy	290	0.88	143.413	143.249	143.823	0.00	9104.78
695	2025.04.25 16:30	modify	290	0.88	143.413	143.423	143.823	0.00	9104.78
696	2025.04.25 16:35	t/p	290	0.88	143.823	143.423	143.823	250.86	9355.64
697	2025.04.28 11:30	buy	291	0.90	143.686	143.522	144.096	0.00	9355.64
698	2025.04.28 12:02	s/l	291	0.90	143.522	143.522	144.096	-102.84	9252.80
699	2025.05.01 14:45	buy	292	0.63	144.359	144.128	144.937	0.00	9252.80
700	2025.05.01 15:54	modify	292	0.63	144.359	144.369	144.937	0.00	9252.80
701	2025.05.01 17:00	t/p	292	0.63	144.937	144.369	144.937	251.24	9504.04
702	2025.05.07 09:00	sell	293	0.86	143.048	143.222	142.613	0.00	9504.04
703	2025.05.07 10:38	s/l	293	0.86	143.222	143.222	142.613	-104.48	9399.56
704	2025.05.08 08:00	buy	294	0.69	143.779	143.564	144.317	0.00	9399.56
705	2025.05.08 09:16	modify	294	0.69	143.779	143.789	144.317	0.00	9399.56
706	2025.05.08 09:32	t/p	294	0.69	144.317	143.789	144.317	257.22	9656.78
707	2025.05.09 15:30	buy	295	0.87	145.245	145.069	145.685	0.00	9656.78
708	2025.05.09 16:25	s/l	295	0.87	145.069	145.069	145.685	-105.55	9551.23
709	2025.05.12 08:00	buy	296	0.75	145.928	145.726	146.433	0.00	9551.23
710	2025.05.12 10:00	modify	296	0.75	145.928	145.938	146.433	0.00	9551.23
711	2025.05.12 10:00	t/p	296	0.75	146.433	145.938	146.433	258.63	9809.86
712	2025.05.14 10:30	sell	297	0.81	147.035	147.226	146.558	0.00	9809.86
713	2025.05.14 11:03	modify	297	0.81	147.035	147.025	146.558	0.00	9809.86
714	2025.05.14 11:06	t/p	297	0.81	146.558	147.025	146.558	263.63	10073.49
715	2025.05.16 08:15	sell	298	0.86	145.208	145.393	144.746	0.00	10073.49
716	2025.05.16 10:10	modify	298	0.86	145.208	145.198	144.746	0.00	10073.49
717	2025.05.16 10:19	s/l	298	0.86	145.198	145.198	144.746	5.92	10079.41
718	2025.05.20 14:15	sell	299	1.03	144.459	144.614	144.072	0.00	10079.41
719	2025.05.20 14:31	s/l	299	1.03	144.614	144.614	144.072	-110.40	9969.01
720	2025.05.21 16:00	sell	300	0.82	143.679	143.870	143.202	0.00	9969.01
721	2025.05.21 16:39	s/l	300	0.82	143.870	143.870	143.202	-108.86	9860.15
722	2025.05.22 10:30	sell	301	0.65	143.164	143.404	142.564	0.00	9860.15
723	2025.05.22 12:05	s/l	301	0.65	143.404	143.404	142.564	-108.78	9751.37
724	2025.05.23 09:00	sell	302	0.93	143.429	143.594	143.017	0.00	9751.37
725	2025.05.23 12:29	modify	302	0.93	143.429	143.419	143.017	0.00	9751.37
726	2025.05.23 14:12	s/l	302	0.93	143.419	143.419	143.017	6.48	9757.85
727	2025.05.30 15:00	sell	303	0.76	143.841	144.044	143.334	0.00	9757.85
728	2025.05.30 15:10	modify	303	0.76	143.841	143.831	143.334	0.00	9757.85
729	2025.05.30 16:16	s/l	303	0.76	143.831	143.831	143.334	5.29	9763.14
730	2025.06.03 08:00	sell	304	0.74	142.937	143.146	142.415	0.00	9763.14
731	2025.06.03 10:25	modify	304	0.74	142.937	142.927	142.415	0.00	9763.14
732	2025.06.03 12:18	s/l	304	0.74	142.927	142.927	142.415	5.18	9768.32
733	2025.06.09 14:15	buy	305	0.68	144.254	144.029	144.817	0.00	9768.32
734	2025.06.09 15:47	modify	305	0.68	144.254	144.264	144.817	0.00	9768.32
735	2025.06.10 04:37	t/p	305	0.68	144.817	144.264	144.817	269.64	10037.96
736	2025.06.11 09:15	buy	306	0.94	145.107	144.938	145.530	0.00	10037.96
737	2025.06.11 12:15	s/l	306	0.94	144.938	144.938	145.530	-109.61	9928.35
738	2025.06.12 15:30	sell	307	0.73	143.581	143.796	143.044	0.00	9928.35
739	2025.06.12 15:36	modify	307	0.73	143.581	143.571	143.044	0.00	9928.35
740	2025.06.12 17:04	s/l	307	0.73	143.571	143.571	143.044	5.08	9933.43
741	2025.06.16 11:15	buy	308	0.82	144.297	144.107	144.772	0.00	9933.43
742	2025.06.16 11:50	s/l	308	0.82	144.107	144.107	144.772	-108.11	9825.32
743	2025.06.16 15:15	buy	309	0.65	144.239	144.001	144.834	0.00	9825.32
744	2025.06.16 16:04	s/l	309	0.65	144.001	144.001	144.834	-107.43	9717.89
745	2025.06.17 09:15	buy	310	0.67	144.779	144.552	145.347	0.00	9717.89
746	2025.06.17 09:37	s/l	310	0.67	144.552	144.552	145.347	-105.21	9612.68
747	2025.06.20 08:30	buy	311	0.87	145.453	145.279	145.888	0.00	9612.68
748	2025.06.20 09:19	s/l	311	0.87	145.279	145.279	145.888	-104.20	9508.48
749	2025.06.26 08:30	sell	312	0.72	144.722	144.931	144.200	0.00	9508.48
750	2025.06.26 09:13	modify	312	0.72	144.722	144.712	144.200	0.00	9508.48
751	2025.06.26 10:07	t/p	312	0.72	144.200	144.712	144.200	260.64	9769.12
752	2025.06.27 09:30	sell	313	0.84	144.331	144.514	143.874	0.00	9769.12
753	2025.06.27 10:24	s/l	313	0.84	144.514	144.514	143.874	-106.37	9662.75
754	2025.06.27 11:15	sell	314	0.85	144.364	144.543	143.917	0.00	9662.75
755	2025.06.27 13:15	s/l	314	0.85	144.543	144.543	143.917	-105.26	9557.49
756	2025.07.01 08:15	sell	315	0.62	143.646	143.889	143.039	0.00	9557.49
757	2025.07.01 10:32	modify	315	0.62	143.646	143.636	143.039	0.00	9557.49
758	2025.07.01 11:00	t/p	315	0.62	143.039	143.636	143.039	263.10	9820.59
759	2025.07.02 14:45	buy	316	0.73	144.077	143.864	144.610	0.00	9820.59
760	2025.07.02 15:15	s/l	316	0.73	143.864	143.864	144.610	-108.08	9712.51
761	2025.07.08 09:45	buy	317	0.82	146.219	146.033	146.684	0.00	9712.51
762	2025.07.08 10:42	s/l	317	0.82	146.033	146.033	146.684	-104.44	9608.07
763	2025.07.10 10:00	sell	318	0.66	146.143	146.372	145.571	0.00	9608.07
764	2025.07.10 10:42	s/l	318	0.66	146.372	146.372	145.571	-103.26	9504.81
765	2025.07.11 10:00	buy	319	0.71	146.921	146.709	147.451	0.00	9504.81
766	2025.07.11 16:57	modify	319	0.71	146.921	146.931	147.451	0.00	9504.81
767	2025.07.11 17:10	t/p	319	0.71	147.451	146.931	147.451	255.20	9760.01
768	2025.07.14 11:00	buy	320	0.97	147.373	147.215	147.768	0.00	9760.01
769	2025.07.14 11:07	s/l	320	0.97	147.215	147.215	147.768	-104.11	9655.90
770	2025.07.14 14:45	buy	321	0.83	147.357	147.174	147.815	0.00	9655.90
771	2025.07.14 18:54	modify	321	0.83	147.357	147.367	147.815	0.00	9655.90
772	2025.07.15 02:04	t/p	321	0.83	147.815	147.367	147.815	263.62	9919.51
773	2025.07.15 09:30	buy	322	1.02	147.677	147.524	148.060	0.00	9919.51
774	2025.07.15 14:21	modify	322	1.02	147.677	147.687	148.060	0.00	9919.51
775	2025.07.15 15:30	s/l	322	1.02	147.687	147.687	148.060	6.90	9926.41
776	2025.07.16 14:30	buy	323	0.96	148.762	148.599	149.170	0.00	9926.41
777	2025.07.16 15:30	s/l	323	0.96	148.599	148.599	149.170	-105.31	9821.10
778	2025.07.17 14:30	buy	324	0.93	148.739	148.573	149.154	0.00	9821.10
779	2025.07.17 15:30	modify	324	0.93	148.739	148.749	149.154	0.00	9821.10
780	2025.07.17 15:43	s/l	324	0.93	148.749	148.749	149.154	6.25	9827.35
781	2025.07.21 08:15	sell	325	0.89	148.348	148.523	147.911	0.00	9827.35
782	2025.07.21 09:15	modify	325	0.89	148.348	148.338	147.911	0.00	9827.35
783	2025.07.21 09:31	t/p	325	0.89	147.911	148.338	147.911	262.95	10090.30
784	2025.07.24 08:45	sell	326	1.06	145.973	146.123	145.598	0.00	10090.30
785	2025.07.24 09:04	s/l	326	1.06	146.123	146.123	145.598	-108.81	9981.49
786	2025.07.29 09:45	buy	327	0.69	148.359	148.130	148.932	0.00	9981.49
787	2025.07.29 10:30	modify	327	0.69	148.359	148.369	148.932	0.00	9981.49
788	2025.07.29 11:19	s/l	327	0.69	148.369	148.369	148.932	4.65	9986.14
789	2025.08.01 09:45	buy	328	0.80	150.620	150.422	151.115	0.00	9986.14
790	2025.08.01 12:33	s/l	328	0.80	150.422	150.422	151.115	-105.31	9880.83
791	2025.08.05 16:15	sell	329	0.76	147.568	147.773	147.056	0.00	9880.83
792	2025.08.05 16:51	s/l	329	0.76	147.773	147.773	147.056	-105.43	9775.40
793	2025.08.07 15:30	sell	330	0.64	147.192	147.433	146.590	0.00	9775.40
794	2025.08.07 17:08	s/l	330	0.64	147.433	147.433	146.590	-104.62	9670.78
795	2025.08.08 11:15	sell	331	0.75	147.203	147.407	146.693	0.00	9670.78
796	2025.08.08 11:33	s/l	331	0.75	147.407	147.407	146.693	-103.79	9566.99
797	2025.08.08 16:00	buy	332	0.64	147.846	147.609	148.439	0.00	9566.99
798	2025.08.11 00:03	s/l	332	0.64	147.609	147.609	148.439	-97.88	9469.11
799	2025.08.12 11:45	buy	333	0.70	148.447	148.233	148.982	0.00	9469.11
800	2025.08.12 15:30	s/l	333	0.70	148.233	148.233	148.982	-101.06	9368.05
801	2025.08.14 10:15	sell	334	0.82	146.356	146.537	145.904	0.00	9368.05
802	2025.08.14 10:51	s/l	334	0.82	146.537	146.537	145.904	-101.28	9266.77
803	2025.08.14 11:30	sell	335	0.83	146.468	146.644	146.028	0.00	9266.77
804	2025.08.14 12:58	s/l	335	0.83	146.644	146.644	146.028	-99.62	9167.15
805	2025.08.15 11:00	sell	336	0.61	146.997	147.235	146.402	0.00	9167.15
806	2025.08.15 15:31	s/l	336	0.61	147.235	147.235	146.402	-98.61	9068.54
807	2025.08.19 14:30	buy	337	0.93	147.776	147.622	148.161	0.00	9068.54
808	2025.08.19 17:00	s/l	337	0.93	147.622	147.622	148.161	-97.02	8971.52
809	2025.08.20 16:45	sell	338	0.88	147.290	147.451	146.888	0.00	8971.52
810	2025.08.20 17:47	modify	338	0.88	147.290	147.280	146.888	0.00	8971.52
811	2025.08.20 17:52	t/p	338	0.88	146.888	147.280	146.888	240.84	9212.36
812	2025.08.22 10:45	buy	339	0.68	148.595	148.383	149.125	0.00	9212.36
813	2025.08.22 17:00	s/l	339	0.68	148.383	148.383	149.125	-97.16	9115.20
814	2025.08.25 09:15	sell	340	0.65	147.166	147.388	146.611	0.00	9115.20
815	2025.08.25 13:12	s/l	340	0.65	147.388	147.388	146.611	-97.91	9017.29
816	2025.08.26 10:00	buy	341	0.85	147.777	147.609	148.197	0.00	9017.29
817	2025.08.26 11:02	s/l	341	0.85	147.609	147.609	148.197	-96.75	8920.54
818	2025.08.27 10:15	buy	342	0.80	147.802	147.627	148.240	0.00	8920.54
819	2025.08.27 13:00	modify	342	0.80	147.802	147.812	148.240	0.00	8920.54
820	2025.08.27 18:03	s/l	342	0.80	147.812	147.812	148.240	5.41	8925.95
821	2025.08.29 11:45	sell	343	0.87	146.881	147.042	146.479	0.00	8925.95
822	2025.08.29 12:33	s/l	343	0.87	147.042	147.042	146.479	-95.26	8830.69
823	2025.09.03 11:45	buy	344	0.74	148.757	148.568	149.230	0.00	8830.69
824	2025.09.03 11:56	s/l	344	0.74	148.568	148.568	149.230	-94.14	8736.55
825	2025.09.03 15:45	buy	345	0.65	148.731	148.518	149.264	0.00	8736.55
826	2025.09.03 17:00	s/l	345	0.65	148.518	148.518	149.264	-93.22	8643.33
827	2025.09.08 15:45	sell	346	0.82	147.731	147.898	147.314	0.00	8643.33
828	2025.09.08 21:56	modify	346	0.82	147.731	147.721	147.314	0.00	8643.33
829	2025.09.09 00:01	t/p	346	0.82	147.314	147.721	147.314	221.90	8865.23
830	2025.09.10 11:30	buy	347	0.83	147.544	147.375	147.967	0.00	8865.23
831	2025.09.10 15:30	s/l	347	0.83	147.375	147.375	147.967	-95.29	8769.94
832	2025.09.12 09:30	buy	348	0.80	147.477	147.304	147.910	0.00	8769.94
833	2025.09.12 10:18	s/l	348	0.80	147.304	147.304	147.910	-93.96	8675.98
834	2025.09.12 10:45	buy	349	0.57	147.465	147.224	148.068	0.00	8675.98
835	2025.09.12 11:35	modify	349	0.57	147.465	147.475	148.068	0.00	8675.98
836	2025.09.12 15:40	t/p	349	0.57	148.068	147.475	148.068	232.13	8908.11
