1	2023.04.04 08:30	buy	1	0.69	132.875	132.647	133.445	0.00	10000.00
2	2023.04.04 09:41	s/l	1	0.69	132.647	132.647	133.445	-118.60	9881.40
3	2023.04.05 14:30	sell	2	0.65	131.563	131.803	130.963	0.00	9881.40
4	2023.04.05 15:15	modify	2	0.65	131.563	131.553	130.963	0.00	9881.40
5	2023.04.05 15:33	t/p	2	0.65	130.963	131.553	130.963	297.79	10179.19
6	2023.04.13 10:00	sell	3	0.83	133.155	133.349	132.670	0.00	10179.19
7	2023.04.13 14:52	s/l	3	0.83	133.349	133.349	132.670	-120.75	10058.44
8	2023.04.20 15:15	buy	4	0.66	134.764	134.524	135.364	0.00	10058.44
9	2023.04.20 15:30	s/l	4	0.66	134.524	134.524	135.364	-117.75	9940.69
10	2023.05.02 15:30	buy	5	0.72	137.471	137.254	138.014	0.00	9940.69
11	2023.05.02 17:00	s/l	5	0.72	137.254	137.254	138.014	-113.83	9826.86
12	2023.05.18 10:00	buy	6	0.86	137.545	137.364	137.998	0.00	9826.86
13	2023.05.18 10:55	modify	6	0.86	137.545	137.555	137.998	0.00	9826.86
14	2023.05.18 15:32	t/p	6	0.86	137.998	137.555	137.998	282.31	10109.17
15	2023.05.23 15:30	buy	7	0.77	138.578	138.371	139.096	0.00	10109.17
16	2023.05.23 15:58	modify	7	0.77	138.578	138.588	139.096	0.00	10109.17
17	2023.05.23 16:15	s/l	7	0.77	138.588	138.588	139.096	5.56	10114.73
18	2023.05.24 15:30	buy	8	0.72	138.539	138.317	139.094	0.00	10114.73
19	2023.05.24 17:02	modify	8	0.72	138.539	138.549	139.094	0.00	10114.73
20	2023.05.24 18:18	t/p	8	0.72	139.094	138.549	139.094	287.29	10402.02
21	2023.05.25 10:00	buy	9	0.91	139.613	139.432	140.066	0.00	10402.02
22	2023.05.25 10:13	s/l	9	0.91	139.432	139.432	140.066	-118.13	10283.89
23	2023.05.25 14:00	buy	10	0.94	139.600	139.427	140.033	0.00	10283.89
24	2023.05.25 15:04	s/l	10	0.94	139.427	139.427	140.033	-116.64	10167.25
25	2023.06.06 08:00	sell	11	0.80	139.454	139.655	138.952	0.00	10167.25
26	2023.06.06 10:33	modify	11	0.80	139.454	139.444	138.952	0.00	10167.25
27	2023.06.06 13:55	s/l	11	0.80	139.444	139.444	138.952	5.74	10172.99
28	2023.06.28 10:30	buy	12	0.84	144.106	143.914	144.586	0.00	10172.99
29	2023.06.28 12:30	s/l	12	0.84	143.914	143.914	144.586	-112.07	10060.92
30	2023.07.18 10:00	sell	13	0.66	138.324	138.565	137.722	0.00	10060.92
31	2023.07.18 15:30	modify	13	0.66	138.324	138.314	137.722	0.00	10060.92
32	2023.07.18 15:30	t/p	13	0.66	137.722	138.314	137.722	288.49	10349.41
33	2023.07.20 08:00	buy	14	0.92	139.379	139.201	139.824	0.00	10349.41
34	2023.07.20 10:48	modify	14	0.92	139.379	139.389	139.824	0.00	10349.41
35	2023.07.20 11:45	s/l	14	0.92	139.389	139.389	139.824	6.60	10356.01
36	2023.08.08 15:45	buy	15	0.85	143.088	142.895	143.571	0.00	10356.01
37	2023.08.08 21:23	modify	15	0.85	143.088	143.098	143.571	0.00	10356.01
38	2023.08.09 03:37	s/l	15	0.85	143.098	143.098	143.571	12.54	10368.55
39	2023.08.09 10:30	buy	16	0.91	143.182	143.002	143.632	0.00	10368.55
40	2023.08.09 15:12	modify	16	0.91	143.182	143.192	143.632	0.00	10368.55
41	2023.08.09 17:50	t/p	16	0.91	143.632	143.192	143.632	285.11	10653.66
42	2023.08.15 15:15	buy	17	0.91	145.622	145.437	146.085	0.00	10653.66
43	2023.08.15 16:06	s/l	17	0.91	145.437	145.437	146.085	-115.75	10537.91
44	2023.08.16 10:30	buy	18	0.72	145.516	145.287	146.089	0.00	10537.91
45	2023.08.16 15:30	modify	18	0.72	145.516	145.526	146.089	0.00	10537.91
46	2023.08.16 20:38	t/p	18	0.72	146.089	145.526	146.089	282.40	10820.31
47	2023.08.23 14:15	sell	19	0.78	145.338	145.558	144.788	0.00	10820.31
48	2023.08.23 15:09	s/l	19	0.78	145.558	145.558	144.788	-117.89	10702.42
49	2023.08.31 10:15	sell	20	0.78	145.855	146.072	145.313	0.00	10702.42
50	2023.08.31 16:10	s/l	20	0.78	146.072	146.072	145.313	-115.87	10586.55
51	2023.09.06 14:15	buy	21	0.97	147.447	147.274	147.880	0.00	10586.55
52	2023.09.06 15:02	s/l	21	0.97	147.274	147.274	147.880	-113.94	10472.61
53	2023.09.13 15:15	buy	22	0.97	147.476	147.306	147.901	0.00	10472.61
54	2023.09.13 15:30	modify	22	0.97	147.476	147.486	147.901	0.00	10472.61
55	2023.09.13 15:30	s/l	22	0.97	147.486	147.486	147.901	6.58	10479.19
56	2023.10.04 10:15	sell	23	0.78	149.073	149.284	148.546	0.00	10479.19
57	2023.10.04 10:44	modify	23	0.78	149.073	149.063	148.546	0.00	10479.19
58	2023.10.04 11:32	s/l	23	0.78	149.063	149.063	148.546	5.23	10484.42
59	2023.10.12 10:30	buy	24	0.71	149.168	148.935	149.751	0.00	10484.42
60	2023.10.12 16:48	modify	24	0.71	149.168	149.178	149.751	0.00	10484.42
61	2023.10.12 18:06	t/p	24	0.71	149.751	149.178	149.751	276.41	10760.83
62	2023.10.26 14:30	buy	25	0.90	150.369	150.180	150.842	0.00	10760.83
63	2023.10.26 15:54	s/l	25	0.90	150.180	150.180	150.842	-113.26	10647.57
64	2023.11.01 15:15	buy	26	0.81	151.268	151.062	151.783	0.00	10647.57
65	2023.11.01 16:00	s/l	26	0.81	151.062	151.062	151.783	-110.45	10537.12
66	2023.11.02 14:15	sell	27	0.96	150.240	150.414	149.805	0.00	10537.12
67	2023.11.02 14:53	modify	27	0.96	150.240	150.230	149.805	0.00	10537.12
68	2023.11.02 15:43	s/l	27	0.96	150.230	150.230	149.805	6.39	10543.51
69	2023.11.09 10:30	buy	28	0.78	151.042	150.830	151.572	0.00	10543.51
70	2023.11.09 21:35	modify	28	0.78	151.042	151.052	151.572	0.00	10543.51
71	2023.11.10 19:21	t/p	28	0.78	151.572	151.052	151.572	278.80	10822.31
72	2023.11.15 15:15	sell	29	0.96	150.319	150.497	149.874	0.00	10822.31
73	2023.11.15 15:31	s/l	29	0.96	150.497	150.497	149.874	-113.54	10708.77
74	2023.11.30 10:00	sell	30	0.75	147.061	147.285	146.501	0.00	10708.77
75	2023.11.30 11:36	s/l	30	0.75	147.285	147.285	146.501	-114.06	10594.71
76	2023.12.20 08:15	buy	31	0.81	143.732	143.526	144.247	0.00	10594.71
77	2023.12.20 09:07	s/l	31	0.81	143.526	143.526	144.247	-116.26	10478.45
78	2023.12.20 15:45	sell	32	0.79	143.404	143.612	142.884	0.00	10478.45
79	2023.12.20 17:25	s/l	32	0.79	143.612	143.612	142.884	-114.42	10364.03
80	2023.12.26 15:30	sell	33	0.88	142.288	142.473	141.826	0.00	10364.03
81	2023.12.26 17:33	s/l	33	0.88	142.473	142.473	141.826	-114.27	10249.76
82	2024.01.02 10:00	buy	34	0.87	141.555	141.369	142.020	0.00	10249.76
83	2024.01.02 10:13	s/l	34	0.87	141.369	141.369	142.020	-114.47	10135.29
84	2024.01.03 08:00	buy	35	0.80	142.131	141.931	142.631	0.00	10135.29
85	2024.01.03 09:20	modify	35	0.80	142.131	142.141	142.631	0.00	10135.29
86	2024.01.03 10:31	t/p	35	0.80	142.631	142.141	142.631	280.44	10415.73
87	2024.01.10 08:15	buy	36	0.72	144.875	144.647	145.445	0.00	10415.73
88	2024.01.10 14:41	modify	36	0.72	144.875	144.885	145.445	0.00	10415.73
89	2024.01.10 16:41	t/p	36	0.72	145.445	144.885	145.445	282.17	10697.90
90	2024.01.16 10:00	buy	37	0.88	146.168	145.976	146.648	0.00	10697.90
91	2024.01.16 10:38	modify	37	0.88	146.168	146.178	146.648	0.00	10697.90
92	2024.01.16 12:19	t/p	37	0.88	146.648	146.178	146.648	288.04	10985.94
93	2024.01.18 14:45	buy	38	0.96	147.912	147.732	148.362	0.00	10985.94
94	2024.01.18 15:42	modify	38	0.96	147.912	147.922	148.362	0.00	10985.94
95	2024.01.18 16:22	s/l	38	0.96	147.922	147.922	148.362	6.49	10992.43
96	2024.01.25 08:45	sell	39	0.83	147.690	147.898	147.170	0.00	10992.43
97	2024.01.25 15:30	s/l	39	0.83	147.898	147.898	147.170	-116.73	10875.70
98	2024.03.12 14:15	buy	40	0.71	147.551	147.310	148.154	0.00	10875.70
99	2024.03.12 14:30	modify	40	0.71	147.551	147.561	148.154	0.00	10875.70
100	2024.03.12 14:30	t/p	40	0.71	148.154	147.561	148.154	288.98	11164.68
101	2024.05.21 15:15	buy	41	0.96	156.381	156.198	156.839	0.00	11164.68
102	2024.05.21 15:58	s/l	41	0.96	156.198	156.198	156.839	-112.47	11052.21
103	2024.05.23 10:45	buy	42	1.01	156.713	156.541	157.143	0.00	11052.21
104	2024.05.23 15:05	s/l	42	1.01	156.541	156.541	157.143	-110.97	10941.24
105	2024.05.30 14:15	sell	43	0.99	156.869	157.043	156.434	0.00	10941.24
106	2024.05.30 15:48	modify	43	0.99	156.869	156.859	156.434	0.00	10941.24
107	2024.05.30 16:11	t/p	43	0.99	156.434	156.859	156.434	275.30	11216.54
108	2024.06.20 10:45	buy	44	0.73	158.271	158.030	158.874	0.00	11216.54
109	2024.06.20 16:31	modify	44	0.73	158.271	158.281	158.874	0.00	11216.54
110	2024.06.20 19:51	t/p	44	0.73	158.874	158.281	158.874	277.07	11493.61
111	2024.06.27 10:45	buy	45	1.00	160.556	160.375	161.009	0.00	11493.61
112	2024.06.27 15:30	s/l	45	1.00	160.375	160.375	161.009	-112.86	11380.75
113	2024.07.03 10:15	buy	46	0.73	161.894	161.649	162.507	0.00	11380.75
114	2024.07.03 16:15	s/l	46	0.73	161.649	161.649	162.507	-110.65	11270.10
115	2024.07.09 14:15	buy	47	0.81	161.160	160.940	161.710	0.00	11270.10
116	2024.07.09 17:00	s/l	47	0.81	160.940	160.940	161.710	-110.72	11159.38
117	2024.07.23 15:45	sell	48	0.81	156.069	156.285	155.529	0.00	11159.38
118	2024.07.23 19:40	modify	48	0.81	156.069	156.059	155.529	0.00	11159.38
119	2024.07.24 00:13	t/p	48	0.81	155.529	156.059	155.529	271.12	11430.50
120	2024.08.20 15:00	sell	49	0.91	146.372	146.570	145.877	0.00	11430.50
121	2024.08.20 16:20	modify	49	0.91	146.372	146.362	145.877	0.00	11430.50
122	2024.08.20 17:20	t/p	49	0.91	145.877	146.362	145.877	308.79	11739.29
123	2024.08.21 15:15	sell	50	0.74	145.945	146.194	145.323	0.00	11739.29
124	2024.08.21 16:12	modify	50	0.74	145.945	145.935	145.323	0.00	11739.29
125	2024.08.21 17:00	s/l	50	0.74	145.935	145.935	145.323	5.07	11744.36
126	2024.08.27 10:00	buy	51	0.83	144.847	144.625	145.402	0.00	11744.36
127	2024.08.27 14:28	s/l	51	0.83	144.625	144.625	145.402	-127.41	11616.95
128	2024.08.28 14:45	sell	52	0.84	144.286	144.505	143.739	0.00	11616.95
129	2024.08.28 15:12	s/l	52	0.84	144.505	144.505	143.739	-127.30	11489.65
130	2024.08.29 10:15	buy	53	0.84	144.701	144.485	145.241	0.00	11489.65
131	2024.08.29 11:39	s/l	53	0.84	144.485	144.485	145.241	-125.58	11364.07
132	2024.09.04 15:45	sell	54	0.88	145.031	145.235	144.521	0.00	11364.07
133	2024.09.04 17:00	modify	54	0.88	145.031	145.021	144.521	0.00	11364.07
134	2024.09.04 17:00	t/p	54	0.88	144.521	145.021	144.521	310.56	11674.63
135	2024.09.17 14:45	sell	55	0.92	140.559	140.759	140.059	0.00	11674.63
136	2024.09.17 15:28	s/l	55	0.92	140.759	140.759	140.059	-130.72	11543.91
137	2024.09.26 08:30	buy	56	0.97	144.794	144.606	145.264	0.00	11543.91
138	2024.09.26 10:22	modify	56	0.97	144.794	144.804	145.264	0.00	11543.91
139	2024.09.26 11:22	s/l	56	0.97	144.804	144.804	145.264	6.70	11550.61
140	2024.10.08 10:00	buy	57	1.01	148.002	147.822	148.452	0.00	11550.61
141	2024.10.08 10:13	s/l	57	1.01	147.822	147.822	148.452	-122.99	11427.62
142	2024.10.08 15:15	buy	58	1.00	147.974	147.793	148.427	0.00	11427.62
143	2024.10.08 16:56	modify	58	1.00	147.974	147.984	148.427	0.00	11427.62
144	2024.10.09 04:08	t/p	58	1.00	148.427	147.984	148.427	312.97	11740.58
145	2024.10.09 14:45	buy	59	1.07	148.662	148.489	149.095	0.00	11740.58
146	2024.10.09 16:20	modify	59	1.07	148.662	148.672	149.095	0.00	11740.58
147	2024.10.09 16:39	t/p	59	1.07	149.095	148.672	149.095	310.75	12051.33
148	2024.10.17 08:00	buy	60	1.10	149.549	149.376	149.982	0.00	12051.33
149	2024.10.17 11:40	modify	60	1.10	149.549	149.559	149.982	0.00	12051.33
150	2024.10.17 13:56	s/l	60	1.10	149.559	149.559	149.982	7.35	12058.68
151	2024.10.22 10:00	buy	61	0.98	150.835	150.641	151.320	0.00	12058.68
152	2024.10.22 16:35	s/l	61	0.98	150.641	150.641	151.320	-126.21	11932.47
153	2024.10.24 15:15	sell	62	0.99	151.923	152.113	151.448	0.00	11932.47
154	2024.10.24 15:30	s/l	62	0.99	152.113	152.113	151.448	-123.66	11808.81
155	2024.10.30 08:15	buy	63	0.81	153.404	153.173	153.982	0.00	11808.81
156	2024.10.30 10:11	s/l	63	0.81	153.173	153.173	153.982	-122.15	11686.66
157	2024.11.05 10:15	buy	64	0.83	152.379	152.158	152.932	0.00	11686.66
158	2024.11.05 11:01	s/l	64	0.83	152.158	152.158	152.932	-120.55	11566.11
159	2024.11.12 15:15	buy	65	0.92	154.177	153.979	154.672	0.00	11566.11
160	2024.11.12 16:07	modify	65	0.92	154.177	154.187	154.672	0.00	11566.11
161	2024.11.12 18:40	t/p	65	0.92	154.672	154.187	154.672	294.43	11860.54
162	2024.11.28 14:30	sell	66	0.82	151.674	151.903	151.102	0.00	11860.54
163	2024.11.29 01:20	modify	66	0.82	151.674	151.664	151.102	0.00	11860.54
164	2024.11.29 01:34	t/p	66	0.82	151.102	151.664	151.102	300.18	12160.72
165	2024.12.24 08:45	buy	67	0.78	157.132	156.887	157.745	0.00	12160.72
166	2024.12.26 13:12	modify	67	0.78	157.132	157.142	157.745	0.00	12160.72
167	2024.12.26 15:32	t/p	67	0.78	157.745	157.142	157.745	327.34	12488.06
168	2025.01.07 14:15	buy	68	0.96	157.806	157.601	158.319	0.00	12488.06
169	2025.01.07 15:15	s/l	68	0.96	157.601	157.601	158.319	-124.87	12363.19
170	2025.01.09 10:00	buy	69	1.03	158.194	158.004	158.669	0.00	12363.19
171	2025.01.09 12:21	s/l	69	1.03	158.004	158.004	158.669	-123.86	12239.33
172	2025.01.22 08:30	buy	70	0.87	155.885	155.662	156.443	0.00	12239.33
173	2025.01.22 10:33	s/l	70	0.87	155.662	155.662	156.443	-124.64	12114.69
174	2025.01.23 14:00	buy	71	0.99	156.557	156.364	157.040	0.00	12114.69
175	2025.01.23 15:00	s/l	71	0.99	156.364	156.364	157.040	-122.20	11992.49
176	2025.01.30 08:45	sell	72	0.77	154.505	154.751	153.890	0.00	11992.49
177	2025.01.30 14:50	modify	72	0.77	154.505	154.495	153.890	0.00	11992.49
178	2025.01.30 15:57	t/p	72	0.77	153.890	154.495	153.890	307.73	12300.22
179	2025.02.04 10:00	buy	73	1.04	155.336	155.150	155.801	0.00	12300.22
180	2025.02.04 10:48	s/l	73	1.04	155.150	155.150	155.801	-124.68	12175.54
181	2025.02.13 10:00	buy	74	0.78	154.284	154.037	154.902	0.00	12175.54
182	2025.02.13 10:54	s/l	74	0.78	154.037	154.037	154.902	-125.08	12050.46
183	2025.03.18 14:00	buy	75	0.91	149.749	149.541	150.269	0.00	12050.46
184	2025.03.18 16:00	s/l	75	0.91	149.541	149.541	150.269	-126.57	11923.89
185	2025.03.19 15:00	buy	76	0.85	149.799	149.579	150.349	0.00	11923.89
186	2025.03.19 16:01	modify	76	0.85	149.799	149.809	150.349	0.00	11923.89
187	2025.03.19 16:44	s/l	76	0.85	149.809	149.809	150.349	5.67	11929.56
188	2025.04.16 14:30	sell	77	0.92	142.622	142.826	142.112	0.00	11929.56
189	2025.04.16 18:25	s/l	77	0.92	142.826	142.826	142.112	-131.40	11798.16
190	2025.04.23 14:00	buy	78	0.84	141.996	141.775	142.549	0.00	11798.16
191	2025.04.23 14:35	s/l	78	0.84	141.775	141.775	142.549	-130.94	11667.22
192	2025.05.08 08:00	buy	79	0.86	143.779	143.564	144.317	0.00	11667.22
193	2025.05.08 09:16	modify	79	0.86	143.779	143.789	144.317	0.00	11667.22
194	2025.05.08 09:32	t/p	79	0.86	144.317	143.789	144.317	320.60	11987.82
195	2025.05.14 10:30	sell	80	0.99	147.035	147.226	146.558	0.00	11987.82
196	2025.05.14 11:03	modify	80	0.99	147.035	147.025	146.558	0.00	11987.82
197	2025.05.14 11:06	t/p	80	0.99	146.558	147.025	146.558	322.22	12310.04
198	2025.06.03 08:00	sell	81	0.93	142.937	143.146	142.415	0.00	12310.04
199	2025.06.03 10:25	modify	81	0.93	142.937	142.927	142.415	0.00	12310.04
200	2025.06.03 12:18	s/l	81	0.93	142.927	142.927	142.415	6.51	12316.55
201	2025.06.12 15:30	sell	82	0.90	143.581	143.796	143.044	0.00	12316.55
202	2025.06.12 15:36	modify	82	0.90	143.581	143.571	143.044	0.00	12316.55
203	2025.06.12 17:04	s/l	82	0.90	143.571	143.571	143.044	6.27	12322.82
204	2025.06.26 08:30	sell	83	0.93	144.722	144.931	144.200	0.00	12322.82
205	2025.06.26 09:13	modify	83	0.93	144.722	144.712	144.200	0.00	12322.82
206	2025.06.26 10:07	t/p	83	0.93	144.200	144.712	144.200	336.66	12659.48
207	2025.07.01 08:15	sell	84	0.82	143.646	143.889	143.039	0.00	12659.48
208	2025.07.01 10:32	modify	84	0.82	143.646	143.636	143.039	0.00	12659.48
209	2025.07.01 11:00	t/p	84	0.82	143.039	143.636	143.039	347.98	13007.46
210	2025.07.02 14:45	buy	85	0.96	144.077	143.864	144.610	0.00	13007.46
211	2025.07.02 15:15	s/l	85	0.96	143.864	143.864	144.610	-142.14	12865.32
212	2025.07.10 10:00	sell	86	0.89	146.143	146.372	145.571	0.00	12865.32
213	2025.07.10 10:42	s/l	86	0.89	146.372	146.372	145.571	-139.24	12726.08
214	2025.08.07 15:30	sell	87	0.83	147.192	147.433	146.590	0.00	12726.08
215	2025.08.07 17:08	s/l	87	0.83	147.433	147.433	146.590	-135.67	12590.41
216	2025.08.27 10:15	buy	88	1.14	147.802	147.627	148.240	0.00	12590.41
217	2025.08.27 13:00	modify	88	1.14	147.802	147.812	148.240	0.00	12590.41
218	2025.08.27 18:03	s/l	88	1.14	147.812	147.812	148.240	7.71	12598.12
219	2025.09.03 15:45	buy	89	0.93	148.731	148.518	149.264	0.00	12598.12
220	2025.09.03 17:00	s/l	89	0.93	148.518	148.518	149.264	-133.38	12464.74
