1	2023.05.03 09:45	buy	1	0.49	1.24996	1.24794	1.25501	0.00	10000.00
2	2023.05.03 11:44	modify	1	0.49	1.24996	1.25006	1.25501	0.00	10000.00
3	2023.05.03 15:01	s/l	1	0.49	1.25006	1.25006	1.25501	4.90	10004.90
4	2023.06.28 11:30	sell	2	0.45	1.27131	1.27350	1.26584	0.00	10004.90
5	2023.06.28 14:43	modify	2	0.45	1.27131	1.27121	1.26584	0.00	10004.90
6	2023.06.28 15:04	t/p	2	0.45	1.26584	1.27121	1.26584	246.15	10251.05
7	2023.07.04 09:30	buy	3	0.46	1.27044	1.26823	1.27597	0.00	10251.05
8	2023.07.04 15:59	modify	3	0.46	1.27044	1.27054	1.27597	0.00	10251.05
9	2023.07.05 04:53	s/l	3	0.46	1.27054	1.27054	1.27597	5.17	10256.22
10	2023.07.05 11:45	buy	4	0.48	1.27143	1.26933	1.27668	0.00	10256.22
11	2023.07.05 14:21	s/l	4	0.48	1.26933	1.26933	1.27668	-100.80	10155.42
12	2023.07.25 16:15	sell	5	0.48	1.28202	1.28411	1.27680	0.00	10155.42
13	2023.07.25 17:12	s/l	5	0.48	1.28411	1.28411	1.27680	-100.32	10055.10
14	2023.09.28 09:45	sell	6	0.49	1.21271	1.21473	1.20766	0.00	10055.10
15	2023.09.28 10:19	s/l	6	0.49	1.21473	1.21473	1.20766	-98.98	9956.12
16	2023.11.07 11:15	sell	7	0.45	1.23122	1.23339	1.22580	0.00	9956.12
17	2023.11.07 13:37	modify	7	0.45	1.23122	1.23112	1.22580	0.00	9956.12
18	2023.11.07 18:11	s/l	7	0.45	1.23112	1.23112	1.22580	4.50	9960.62
19	2023.11.22 11:15	buy	8	0.46	1.25262	1.25048	1.25797	0.00	9960.62
20	2023.11.22 16:04	s/l	8	0.46	1.25048	1.25048	1.25797	-98.44	9862.18
21	2023.11.28 11:00	buy	9	0.45	1.26267	1.26048	1.26815	0.00	9862.18
22	2023.11.28 16:26	modify	9	0.45	1.26267	1.26277	1.26815	0.00	9862.18
23	2023.11.28 17:39	t/p	9	0.45	1.26815	1.26277	1.26815	246.60	10108.78
24	2024.01.23 16:15	sell	10	0.44	1.26966	1.27194	1.26396	0.00	10108.78
25	2024.01.23 17:35	modify	10	0.44	1.26966	1.26956	1.26396	0.00	10108.78
26	2024.01.24 02:17	s/l	10	0.44	1.26956	1.26956	1.26396	3.58	10112.37
27	2024.02.07 09:15	buy	11	0.47	1.26181	1.25970	1.26709	0.00	10112.37
28	2024.02.08 14:27	s/l	11	0.47	1.25970	1.25970	1.26709	-97.41	10014.96
29	2024.03.07 11:30	buy	12	0.49	1.27472	1.27271	1.27975	0.00	10014.96
30	2024.03.07 17:36	modify	12	0.49	1.27472	1.27482	1.27975	0.00	10014.96
31	2024.03.07 18:28	t/p	12	0.49	1.27975	1.27482	1.27975	246.47	10261.43
32	2024.10.22 11:30	sell	13	0.46	1.29938	1.30157	1.29391	0.00	10261.43
33	2024.10.22 15:54	modify	13	0.46	1.29938	1.29928	1.29391	0.00	10261.43
34	2024.10.23 08:10	s/l	13	0.46	1.29928	1.29928	1.29391	3.74	10265.17
35	2024.11.05 16:15	buy	14	0.50	1.29969	1.29767	1.30474	0.00	10265.17
36	2024.11.05 19:15	modify	14	0.50	1.29969	1.29979	1.30474	0.00	10265.17
37	2024.11.06 01:57	t/p	14	0.50	1.30474	1.29979	1.30474	253.12	10518.30
38	2024.11.19 16:00	sell	15	0.51	1.26348	1.26551	1.25841	0.00	10518.30
39	2024.11.19 17:37	s/l	15	0.51	1.26551	1.26551	1.25841	-103.53	10414.77
40	2024.11.21 16:15	sell	16	0.48	1.26377	1.26593	1.25837	0.00	10414.77
41	2024.11.21 18:16	modify	16	0.48	1.26377	1.26367	1.25837	0.00	10414.77
42	2024.11.21 19:00	t/p	16	0.48	1.25837	1.26367	1.25837	259.20	10673.97
43	2024.12.04 16:30	buy	17	0.46	1.26831	1.26602	1.27404	0.00	10673.97
44	2024.12.04 19:21	modify	17	0.46	1.26831	1.26841	1.27404	0.00	10673.97
45	2024.12.05 15:30	t/p	17	0.46	1.27404	1.26841	1.27404	265.31	10939.27
46	2024.12.31 11:45	buy	18	0.47	1.25672	1.25444	1.26242	0.00	10939.27
47	2024.12.31 12:04	s/l	18	0.47	1.25444	1.25444	1.26242	-107.16	10832.11
48	2025.01.08 09:45	sell	19	0.49	1.24691	1.24911	1.24141	0.00	10832.11
49	2025.01.08 13:06	modify	19	0.49	1.24691	1.24681	1.24141	0.00	10832.11
50	2025.01.08 13:11	t/p	19	0.49	1.24141	1.24681	1.24141	269.50	11101.61
51	2025.01.15 11:45	buy	20	0.51	1.22199	1.21984	1.22737	0.00	11101.61
52	2025.01.15 15:30	modify	20	0.51	1.22199	1.22209	1.22737	0.00	11101.61
53	2025.01.15 15:30	t/p	20	0.51	1.22737	1.22209	1.22737	274.38	11375.99
54	2025.03.26 09:15	sell	21	0.56	1.29240	1.29443	1.28733	0.00	11375.99
55	2025.03.26 10:18	modify	21	0.56	1.29240	1.29230	1.28733	0.00	11375.99
56	2025.03.26 23:34	t/p	21	0.56	1.28733	1.29230	1.28733	283.92	11659.91
57	2025.05.06 09:45	buy	22	0.58	1.33026	1.32825	1.33529	0.00	11659.91
58	2025.05.06 13:31	modify	22	0.58	1.33026	1.33036	1.33529	0.00	11659.91
59	2025.05.06 13:58	t/p	22	0.58	1.33529	1.33036	1.33529	291.74	11951.65
60	2025.05.15 09:15	buy	23	0.52	1.32825	1.32596	1.33398	0.00	11951.65
61	2025.05.15 16:07	modify	23	0.52	1.32825	1.32835	1.33398	0.00	11951.65
62	2025.05.15 17:20	s/l	23	0.52	1.32835	1.32835	1.33398	5.20	11956.85
63	2025.05.22 11:00	buy	24	0.53	1.34311	1.34088	1.34869	0.00	11956.85
64	2025.05.22 11:45	s/l	24	0.53	1.34088	1.34088	1.34869	-118.19	11838.66
65	2025.07.08 11:30	sell	25	0.52	1.36249	1.36475	1.35684	0.00	11838.66
66	2025.07.08 13:00	modify	25	0.52	1.36249	1.36239	1.35684	0.00	11838.66
67	2025.07.08 15:49	t/p	25	0.52	1.35684	1.36239	1.35684	293.80	12132.46
68	2025.08.12 09:15	buy	26	0.58	1.34383	1.34174	1.34906	0.00	12132.46
69	2025.08.12 11:57	modify	26	0.58	1.34383	1.34393	1.34906	0.00	12132.46
70	2025.08.12 15:30	t/p	26	0.58	1.34906	1.34393	1.34906	303.34	12435.80
71	2025.09.04 16:00	buy	27	0.58	1.34410	1.34197	1.34943	0.00	12435.80
72	2025.09.04 17:35	s/l	27	0.58	1.34197	1.34197	1.34943	-123.54	12312.26
73	2025.12.24 11:00	buy	28	0.55	1.35224	1.35003	1.35777	0.00	12312.26
74	2025.12.24 16:45	s/l	28	0.55	1.35003	1.35003	1.35777	-121.55	12190.71
75	2026.01.22 16:45	buy	29	0.60	1.34399	1.34199	1.34899	0.00	12190.71
76	2026.01.22 17:15	modify	29	0.60	1.34399	1.34409	1.34899	0.00	12190.71
77	2026.01.22 18:18	t/p	29	0.60	1.34899	1.34409	1.34899	300.00	12490.71
