1	2023.04.04 09:30	buy	1	0.49	1.24130	1.23930	1.24630	0.00	10000.00
2	2023.04.04 10:29	modify	1	0.49	1.24130	1.24140	1.24630	0.00	10000.00
3	2023.04.04 10:44	t/p	1	0.49	1.24630	1.24140	1.24630	245.00	10245.00
4	2023.04.04 16:45	buy	2	0.63	1.24848	1.24686	1.25253	0.00	10245.00
5	2023.04.04 17:01	modify	2	0.63	1.24848	1.24858	1.25253	0.00	10245.00
6	2023.04.04 17:55	t/p	2	0.63	1.25253	1.24858	1.25253	255.15	10500.15
7	2023.04.05 09:00	buy	3	0.62	1.24933	1.24766	1.25351	0.00	10500.15
8	2023.04.05 11:02	s/l	3	0.62	1.24766	1.24766	1.25351	-103.54	10396.61
9	2023.04.06 14:15	buy	4	0.50	1.24737	1.24533	1.25247	0.00	10396.61
10	2023.04.06 15:46	s/l	4	0.50	1.24533	1.24533	1.25247	-102.00	10294.61
11	2023.04.10 14:30	sell	5	0.47	1.24171	1.24387	1.23631	0.00	10294.61
12	2023.04.10 15:11	modify	5	0.47	1.24171	1.24161	1.23631	0.00	10294.61
13	2023.04.10 15:49	t/p	5	0.47	1.23631	1.24161	1.23631	253.80	10548.41
14	2023.04.17 11:15	sell	6	0.46	1.24058	1.24285	1.23491	0.00	10548.41
15	2023.04.17 15:10	s/l	6	0.46	1.24285	1.24285	1.23491	-104.42	10443.99
16	2023.04.17 16:30	sell	7	0.63	1.24021	1.24186	1.23609	0.00	10443.99
17	2023.04.17 17:03	modify	7	0.63	1.24021	1.24011	1.23609	0.00	10443.99
18	2023.04.17 17:38	t/p	7	0.63	1.23609	1.24011	1.23609	259.56	10703.55
19	2023.04.20 09:00	buy	8	0.69	1.24375	1.24220	1.24763	0.00	10703.55
20	2023.04.20 10:47	s/l	8	0.69	1.24220	1.24220	1.24763	-106.95	10596.60
21	2023.04.24 10:30	buy	9	0.44	1.24326	1.24086	1.24926	0.00	10596.60
22	2023.04.24 17:40	modify	9	0.44	1.24326	1.24336	1.24926	0.00	10596.60
23	2023.04.25 01:21	t/p	9	0.44	1.24926	1.24336	1.24926	262.46	10859.06
24	2023.04.25 09:15	buy	10	0.58	1.24910	1.24724	1.25375	0.00	10859.06
25	2023.04.25 09:52	s/l	10	0.58	1.24724	1.24724	1.25375	-107.88	10751.18
26	2023.04.27 10:45	buy	11	0.71	1.24745	1.24594	1.25123	0.00	10751.18
27	2023.04.27 11:01	s/l	11	0.71	1.24594	1.24594	1.25123	-107.21	10643.97
28	2023.04.27 11:45	buy	12	0.53	1.24742	1.24544	1.25237	0.00	10643.97
29	2023.04.27 12:46	s/l	12	0.53	1.24544	1.24544	1.25237	-104.94	10539.03
30	2023.05.02 11:00	sell	13	0.44	1.24903	1.25138	1.24316	0.00	10539.03
31	2023.05.02 12:23	modify	13	0.44	1.24903	1.24893	1.24316	0.00	10539.03
32	2023.05.02 17:42	s/l	13	0.44	1.24893	1.24893	1.24316	4.40	10543.43
33	2023.05.03 09:45	buy	14	0.50	1.25004	1.24794	1.25529	0.00	10543.43
34	2023.05.03 11:44	modify	14	0.50	1.25004	1.25014	1.25529	0.00	10543.43
35	2023.05.03 15:00	s/l	14	0.50	1.25014	1.25014	1.25529	5.00	10548.43
36	2023.05.04 14:15	buy	15	0.57	1.25788	1.25603	1.26251	0.00	10548.43
37	2023.05.04 15:21	s/l	15	0.57	1.25603	1.25603	1.26251	-105.45	10442.98
38	2023.05.08 09:15	buy	16	0.61	1.26578	1.26409	1.27001	0.00	10442.98
39	2023.05.08 10:29	s/l	16	0.61	1.26409	1.26409	1.27001	-103.09	10339.89
40	2023.05.09 14:45	sell	17	0.43	1.26007	1.26247	1.25407	0.00	10339.89
41	2023.05.09 20:56	s/l	17	0.43	1.26247	1.26247	1.25407	-103.20	10236.69
42	2023.05.10 11:30	buy	18	0.63	1.26275	1.26115	1.26675	0.00	10236.69
43	2023.05.10 13:55	s/l	18	0.63	1.26115	1.26115	1.26675	-100.80	10135.89
44	2023.05.23 08:45	sell	19	0.58	1.24219	1.24393	1.23784	0.00	10135.89
45	2023.05.23 11:06	modify	19	0.58	1.24219	1.24209	1.23784	0.00	10135.89
46	2023.05.23 13:02	t/p	19	0.58	1.23784	1.24209	1.23784	252.30	10388.19
47	2023.05.31 09:00	buy	20	0.53	1.23981	1.23785	1.24471	0.00	10388.19
48	2023.05.31 09:29	s/l	20	0.53	1.23785	1.23785	1.24471	-103.88	10284.31
49	2023.06.05 09:15	sell	21	0.48	1.24187	1.24399	1.23657	0.00	10284.31
50	2023.06.05 13:25	modify	21	0.48	1.24187	1.24177	1.23657	0.00	10284.31
51	2023.06.05 17:01	s/l	21	0.48	1.24177	1.24177	1.23657	4.80	10289.11
52	2023.06.08 14:30	buy	22	0.50	1.24719	1.24515	1.25229	0.00	10289.11
53	2023.06.08 16:24	modify	22	0.50	1.24719	1.24729	1.25229	0.00	10289.11
54	2023.06.08 16:57	t/p	22	0.50	1.25229	1.24729	1.25229	255.00	10544.11
55	2023.06.12 11:00	buy	23	0.47	1.25903	1.25681	1.26458	0.00	10544.11
56	2023.06.12 14:23	s/l	23	0.47	1.25681	1.25681	1.26458	-104.34	10439.77
57	2023.06.13 16:45	buy	24	0.46	1.25927	1.25702	1.26490	0.00	10439.77
58	2023.06.14 11:25	modify	24	0.46	1.25927	1.25937	1.26490	0.00	10439.77
59	2023.06.14 13:34	t/p	24	0.46	1.26490	1.25937	1.26490	257.37	10697.13
60	2023.06.15 10:00	buy	25	0.69	1.26493	1.26340	1.26876	0.00	10697.13
61	2023.06.15 11:39	modify	25	0.69	1.26493	1.26503	1.26876	0.00	10697.13
62	2023.06.15 13:22	s/l	25	0.69	1.26503	1.26503	1.26876	6.90	10704.03
63	2023.06.15 14:00	buy	26	0.50	1.26680	1.26466	1.27215	0.00	10704.03
64	2023.06.15 14:58	s/l	26	0.50	1.26466	1.26466	1.27215	-107.00	10597.03
65	2023.06.19 08:45	buy	27	0.61	1.28262	1.28091	1.28690	0.00	10597.03
66	2023.06.19 11:09	s/l	27	0.61	1.28091	1.28091	1.28690	-104.31	10492.72
67	2023.06.20 09:30	buy	28	0.62	1.27880	1.27713	1.28298	0.00	10492.72
68	2023.06.20 10:02	s/l	28	0.62	1.27713	1.27713	1.28298	-103.54	10389.18
69	2023.06.27 09:30	buy	29	0.57	1.27436	1.27256	1.27886	0.00	10389.18
70	2023.06.27 12:11	s/l	29	0.57	1.27256	1.27256	1.27886	-102.60	10286.58
71	2023.06.28 09:45	sell	30	0.59	1.27210	1.27382	1.26780	0.00	10286.58
72	2023.06.28 12:58	modify	30	0.59	1.27210	1.27200	1.26780	0.00	10286.58
73	2023.06.28 14:44	t/p	30	0.59	1.26780	1.27200	1.26780	253.70	10540.28
74	2023.07.04 09:30	buy	31	0.46	1.27052	1.26823	1.27625	0.00	10540.28
75	2023.07.06 13:16	modify	31	0.46	1.27052	1.27062	1.27625	0.00	10540.28
76	2023.07.06 13:29	t/p	31	0.46	1.27625	1.27062	1.27625	257.13	10797.41
77	2023.07.10 11:00	buy	32	0.63	1.28144	1.27974	1.28569	0.00	10797.41
78	2023.07.10 13:33	s/l	32	0.63	1.27974	1.27974	1.28569	-107.10	10690.31
79	2023.07.13 11:00	buy	33	0.43	1.30274	1.30027	1.30892	0.00	10690.31
80	2023.07.13 12:42	modify	33	0.43	1.30274	1.30284	1.30892	0.00	10690.31
81	2023.07.13 16:02	t/p	33	0.43	1.30892	1.30284	1.30892	265.74	10956.05
82	2023.07.25 16:15	sell	34	0.52	1.28202	1.28411	1.27680	0.00	10956.05
83	2023.07.25 17:12	s/l	34	0.52	1.28411	1.28411	1.27680	-108.68	10847.37
84	2023.07.26 10:45	buy	35	0.56	1.28982	1.28790	1.29462	0.00	10847.37
85	2023.07.26 17:05	modify	35	0.56	1.28982	1.28992	1.29462	0.00	10847.37
86	2023.07.26 20:59	s/l	35	0.56	1.28992	1.28992	1.29462	5.60	10852.97
87	2023.07.31 14:00	buy	36	0.58	1.28678	1.28493	1.29141	0.00	10852.97
88	2023.07.31 15:19	s/l	36	0.58	1.28493	1.28493	1.29141	-107.30	10745.67
89	2023.08.02 09:00	sell	37	0.57	1.27718	1.27905	1.27251	0.00	10745.67
90	2023.08.02 10:42	s/l	37	0.57	1.27905	1.27905	1.27251	-106.59	10639.08
91	2023.08.03 11:00	sell	38	0.46	1.26880	1.27109	1.26308	0.00	10639.08
92	2023.08.03 13:07	modify	38	0.46	1.26880	1.26870	1.26308	0.00	10639.08
93	2023.08.03 14:00	t/p	38	0.46	1.26308	1.26870	1.26308	263.12	10902.20
94	2023.08.07 11:45	sell	39	0.51	1.27242	1.27453	1.26715	0.00	10902.20
95	2023.08.07 14:58	s/l	39	0.51	1.27453	1.27453	1.26715	-107.61	10794.59
96	2023.08.15 11:45	buy	40	0.43	1.27076	1.26828	1.27696	0.00	10794.59
97	2023.08.15 15:30	s/l	40	0.43	1.26828	1.26828	1.27696	-106.64	10687.95
98	2023.08.21 10:15	buy	41	0.53	1.27406	1.27206	1.27906	0.00	10687.95
99	2023.08.21 11:23	s/l	41	0.53	1.27206	1.27206	1.27906	-106.00	10581.95
100	2023.08.21 14:00	buy	42	0.62	1.27416	1.27247	1.27839	0.00	10581.95
101	2023.08.21 17:15	s/l	42	0.62	1.27247	1.27247	1.27839	-104.78	10477.17
102	2023.08.22 09:15	buy	43	0.54	1.27863	1.27671	1.28343	0.00	10477.17
103	2023.08.22 13:48	s/l	43	0.54	1.27671	1.27671	1.28343	-103.68	10373.49
104	2023.08.24 09:30	sell	44	0.55	1.27114	1.27300	1.26649	0.00	10373.49
105	2023.08.24 12:18	modify	44	0.55	1.27114	1.27104	1.26649	0.00	10373.49
106	2023.08.24 14:52	t/p	44	0.55	1.26649	1.27104	1.26649	255.75	10629.24
107	2023.08.28 10:15	sell	45	0.58	1.25944	1.26127	1.25487	0.00	10629.24
108	2023.08.28 12:17	modify	45	0.58	1.25944	1.25934	1.25487	0.00	10629.24
109	2023.08.28 15:01	s/l	45	0.58	1.25934	1.25934	1.25487	5.80	10635.04
110	2023.08.29 10:30	buy	46	0.61	1.26244	1.26071	1.26677	0.00	10635.04
111	2023.08.29 11:14	s/l	46	0.61	1.26071	1.26071	1.26677	-105.53	10529.51
112	2023.08.30 09:30	buy	47	0.59	1.26364	1.26186	1.26809	0.00	10529.51
113	2023.08.30 12:27	modify	47	0.59	1.26364	1.26374	1.26809	0.00	10529.51
114	2023.08.30 15:15	t/p	47	0.59	1.26809	1.26374	1.26809	262.55	10792.06
115	2023.09.05 09:15	sell	48	0.57	1.26051	1.26238	1.25584	0.00	10792.06
116	2023.09.05 10:30	modify	48	0.57	1.26051	1.26041	1.25584	0.00	10792.06
117	2023.09.05 11:04	t/p	48	0.57	1.25584	1.26041	1.25584	266.19	11058.25
118	2023.09.06 09:45	sell	49	0.44	1.25645	1.25892	1.25028	0.00	11058.25
119	2023.09.06 16:31	modify	49	0.44	1.25645	1.25635	1.25028	0.00	11058.25
120	2023.09.06 17:00	t/p	49	0.44	1.25028	1.25635	1.25028	271.48	11329.73
121	2023.09.12 10:00	buy	50	0.65	1.25129	1.24956	1.25562	0.00	11329.73
122	2023.09.12 10:12	s/l	50	0.65	1.24956	1.24956	1.25562	-112.45	11217.28
123	2023.09.12 16:00	sell	51	0.61	1.24674	1.24856	1.24219	0.00	11217.28
124	2023.09.12 19:12	s/l	51	0.61	1.24856	1.24856	1.24219	-111.02	11106.26
125	2023.09.18 10:00	sell	52	0.59	1.23879	1.24066	1.23412	0.00	11106.26
126	2023.09.18 13:23	s/l	52	0.59	1.24066	1.24066	1.23412	-110.33	10995.93
127	2023.09.18 14:30	sell	53	0.66	1.23933	1.24098	1.23521	0.00	10995.93
128	2023.09.19 00:02	modify	53	0.66	1.23933	1.23923	1.23521	0.00	10995.93
129	2023.09.19 10:56	s/l	53	0.66	1.23923	1.23923	1.23521	4.09	11000.02
130	2023.09.21 10:30	sell	54	0.64	1.23165	1.23335	1.22740	0.00	11000.02
131	2023.09.21 12:46	modify	54	0.64	1.23165	1.23155	1.22740	0.00	11000.02
132	2023.09.21 14:00	t/p	54	0.64	1.22740	1.23155	1.22740	272.00	11272.02
133	2023.09.25 11:30	sell	55	0.49	1.22243	1.22470	1.21676	0.00	11272.02
134	2023.09.26 09:03	modify	55	0.49	1.22243	1.22233	1.21676	0.00	11272.02
135	2023.09.26 17:53	t/p	55	0.49	1.21676	1.22233	1.21676	275.97	11547.99
136	2023.09.28 09:45	sell	56	0.57	1.21271	1.21473	1.20766	0.00	11547.99
137	2023.09.28 10:18	s/l	56	0.57	1.21473	1.21473	1.20766	-115.14	11432.85
138	2023.10.04 09:15	sell	57	0.62	1.20676	1.20860	1.20216	0.00	11432.85
139	2023.10.04 10:02	modify	57	0.62	1.20676	1.20666	1.20216	0.00	11432.85
140	2023.10.04 10:17	s/l	57	0.62	1.20666	1.20666	1.20216	6.20	11439.05
141	2023.10.05 14:45	buy	58	0.53	1.21461	1.21249	1.21991	0.00	11439.05
142	2023.10.05 15:37	s/l	58	0.53	1.21249	1.21249	1.21991	-112.36	11326.69
143	2023.10.09 09:15	buy	59	0.54	1.22156	1.21948	1.22676	0.00	11326.69
144	2023.10.09 09:38	s/l	59	0.54	1.21948	1.21948	1.22676	-112.32	11214.37
145	2023.10.11 09:45	buy	60	0.69	1.22975	1.22814	1.23378	0.00	11214.37
146	2023.10.11 10:00	s/l	60	0.69	1.22814	1.22814	1.23378	-111.09	11103.28
147	2023.10.12 09:45	buy	61	0.67	1.23304	1.23139	1.23717	0.00	11103.28
148	2023.10.12 10:07	s/l	61	0.67	1.23139	1.23139	1.23717	-110.55	10992.73
149	2023.10.12 14:30	buy	62	0.67	1.23076	1.22913	1.23484	0.00	10992.73
150	2023.10.12 15:30	s/l	62	0.67	1.22913	1.22913	1.23484	-109.21	10883.52
151	2023.10.16 11:15	sell	63	0.47	1.21566	1.21796	1.20991	0.00	10883.52
152	2023.10.16 14:56	s/l	63	0.47	1.21796	1.21796	1.20991	-108.10	10775.42
153	2023.10.18 14:30	buy	64	0.62	1.21913	1.21740	1.22346	0.00	10775.42
154	2023.10.18 15:46	s/l	64	0.62	1.21740	1.21740	1.22346	-107.26	10668.16
155	2023.10.19 10:45	sell	65	0.51	1.21260	1.21467	1.20743	0.00	10668.16
156	2023.10.19 12:25	modify	65	0.51	1.21260	1.21250	1.20743	0.00	10668.16
157	2023.10.19 14:00	s/l	65	0.51	1.21250	1.21250	1.20743	5.10	10673.26
158	2023.10.23 09:45	buy	66	0.58	1.21616	1.21433	1.22074	0.00	10673.26
159	2023.10.23 12:55	s/l	66	0.58	1.21433	1.21433	1.22074	-106.14	10567.12
160	2023.10.23 14:15	buy	67	0.45	1.21660	1.21426	1.22245	0.00	10567.12
161	2023.10.23 17:20	modify	67	0.45	1.21660	1.21670	1.22245	0.00	10567.12
162	2023.10.23 18:29	t/p	67	0.45	1.22245	1.21670	1.22245	263.25	10830.37
163	2023.10.25 09:15	sell	68	0.70	1.21595	1.21749	1.21210	0.00	10830.37
164	2023.10.25 11:50	modify	68	0.70	1.21595	1.21585	1.21210	0.00	10830.37
165	2023.10.25 12:31	t/p	68	0.70	1.21210	1.21585	1.21210	269.50	11099.87
166	2023.10.30 16:45	buy	69	0.56	1.21376	1.21179	1.21869	0.00	11099.87
167	2023.10.30 21:13	modify	69	0.56	1.21376	1.21386	1.21869	0.00	11099.87
168	2023.10.31 05:32	s/l	69	0.56	1.21386	1.21386	1.21869	3.64	11103.51
169	2023.10.31 10:30	buy	70	0.47	1.21664	1.21431	1.22247	0.00	11103.51
170	2023.10.31 15:25	s/l	70	0.47	1.21431	1.21431	1.22247	-109.51	10994.00
171	2023.11.01 11:00	sell	71	0.59	1.21439	1.21623	1.20979	0.00	10994.00
172	2023.11.01 15:00	modify	71	0.59	1.21439	1.21429	1.20979	0.00	10994.00
173	2023.11.01 15:31	t/p	71	0.59	1.20979	1.21429	1.20979	271.40	11265.40
174	2023.11.07 11:15	sell	72	0.51	1.23122	1.23339	1.22580	0.00	11265.40
175	2023.11.07 13:37	modify	72	0.51	1.23122	1.23112	1.22580	0.00	11265.40
176	2023.11.07 17:12	s/l	72	0.51	1.23112	1.23112	1.22580	5.10	11270.50
177	2023.11.09 10:30	sell	73	0.56	1.22734	1.22933	1.22237	0.00	11270.50
178	2023.11.09 10:59	s/l	73	0.56	1.22933	1.22933	1.22237	-111.44	11159.06
179	2023.11.14 14:15	buy	74	0.62	1.22918	1.22740	1.23363	0.00	11159.06
180	2023.11.14 15:30	modify	74	0.62	1.22918	1.22928	1.23363	0.00	11159.06
181	2023.11.14 15:30	t/p	74	0.62	1.23363	1.22928	1.23363	275.90	11434.96
182	2023.11.15 14:00	buy	75	0.70	1.24728	1.24566	1.25133	0.00	11434.96
183	2023.11.15 14:46	s/l	75	0.70	1.24566	1.24566	1.25133	-113.40	11321.56
184	2023.11.16 14:15	sell	76	0.60	1.23929	1.24115	1.23464	0.00	11321.56
185	2023.11.16 15:30	s/l	76	0.60	1.24115	1.24115	1.23464	-111.60	11209.96
186	2023.11.20 10:15	buy	77	0.47	1.24926	1.24691	1.25514	0.00	11209.96
187	2023.11.20 12:49	s/l	77	0.47	1.24691	1.24691	1.25514	-110.45	11099.51
188	2023.11.20 16:45	buy	78	0.44	1.24847	1.24600	1.25465	0.00	11099.51
189	2023.11.21 03:27	modify	78	0.44	1.24847	1.24857	1.25465	0.00	11099.51
190	2023.11.21 12:40	t/p	78	0.44	1.25465	1.24857	1.25465	270.38	11369.88
191	2023.11.21 16:15	buy	79	0.61	1.25498	1.25312	1.25963	0.00	11369.88
192	2023.11.21 17:27	s/l	79	0.61	1.25312	1.25312	1.25963	-113.46	11256.42
193	2023.11.22 10:15	buy	80	0.64	1.25372	1.25198	1.25807	0.00	11256.42
194	2023.11.22 10:29	s/l	80	0.64	1.25198	1.25198	1.25807	-111.36	11145.06
195	2023.11.22 11:15	buy	81	0.50	1.25270	1.25048	1.25825	0.00	11145.06
196	2023.11.22 16:04	s/l	81	0.50	1.25048	1.25048	1.25825	-111.00	11034.06
197	2023.11.23 09:30	buy	82	0.63	1.25166	1.24993	1.25599	0.00	11034.06
198	2023.11.23 11:30	modify	82	0.63	1.25166	1.25176	1.25599	0.00	11034.06
199	2023.11.23 11:30	t/p	82	0.63	1.25599	1.25176	1.25599	272.79	11306.85
200	2023.11.28 11:00	buy	83	0.49	1.26275	1.26048	1.26843	0.00	11306.85
201	2023.11.28 16:45	modify	83	0.49	1.26275	1.26285	1.26843	0.00	11306.85
202	2023.11.28 17:40	t/p	83	0.49	1.26843	1.26285	1.26843	278.32	11585.17
203	2023.12.04 11:30	buy	84	0.46	1.26791	1.26544	1.27409	0.00	11585.17
204	2023.12.04 12:23	s/l	84	0.46	1.26544	1.26544	1.27409	-113.62	11471.55
205	2023.12.06 10:45	sell	85	0.71	1.25953	1.26114	1.25551	0.00	11471.55
206	2023.12.06 11:10	s/l	85	0.71	1.26114	1.26114	1.25551	-114.31	11357.24
207	2023.12.06 11:45	sell	86	0.75	1.25986	1.26137	1.25609	0.00	11357.24
208	2023.12.06 20:18	modify	86	0.75	1.25986	1.25976	1.25609	0.00	11357.24
209	2023.12.06 21:45	t/p	86	0.75	1.25609	1.25976	1.25609	282.75	11639.99
210	2023.12.07 14:00	sell	87	0.48	1.25709	1.25951	1.25104	0.00	11639.99
211	2023.12.07 19:33	s/l	87	0.48	1.25951	1.25951	1.25104	-116.16	11523.83
212	2023.12.11 16:00	buy	88	0.67	1.25820	1.25649	1.26248	0.00	11523.83
213	2023.12.11 16:18	s/l	88	0.67	1.25649	1.25649	1.26248	-114.57	11409.26
214	2023.12.11 16:45	buy	89	0.63	1.25776	1.25596	1.26226	0.00	11409.26
215	2023.12.11 17:41	s/l	89	0.63	1.25596	1.25596	1.26226	-113.40	11295.86
216	2023.12.12 14:30	buy	90	0.70	1.25740	1.25580	1.26140	0.00	11295.86
217	2023.12.12 15:30	modify	90	0.70	1.25740	1.25750	1.26140	0.00	11295.86
218	2023.12.12 15:31	t/p	90	0.70	1.26140	1.25750	1.26140	280.00	11575.86
219	2023.12.14 08:15	buy	91	0.74	1.26428	1.26272	1.26818	0.00	11575.86
220	2023.12.14 09:30	s/l	91	0.74	1.26272	1.26272	1.26818	-115.44	11460.42
221	2023.12.18 09:45	buy	92	0.62	1.27017	1.26835	1.27472	0.00	11460.42
222	2023.12.18 11:36	s/l	92	0.62	1.26835	1.26835	1.27472	-112.84	11347.58
223	2023.12.21 08:15	sell	93	0.72	1.26374	1.26531	1.25982	0.00	11347.58
224	2023.12.21 11:06	modify	93	0.72	1.26374	1.26364	1.25982	0.00	11347.58
225	2023.12.21 12:13	s/l	93	0.72	1.26364	1.26364	1.25982	7.20	11354.78
226	2023.12.28 09:15	buy	94	0.68	1.28198	1.28032	1.28613	0.00	11354.78
227	2023.12.28 10:31	s/l	94	0.68	1.28032	1.28032	1.28613	-112.88	11241.90
228	2023.12.28 11:45	buy	95	0.48	1.28119	1.27886	1.28702	0.00	11241.90
229	2023.12.28 13:36	s/l	95	0.48	1.27886	1.27886	1.28702	-111.84	11130.06
230	2024.01.03 09:15	sell	96	0.64	1.26313	1.26485	1.25883	0.00	11130.06
231	2024.01.03 10:14	s/l	96	0.64	1.26485	1.26485	1.25883	-110.08	11019.98
232	2024.01.08 08:30	buy	97	0.71	1.27131	1.26976	1.27519	0.00	11019.98
233	2024.01.08 10:13	s/l	97	0.71	1.26976	1.26976	1.27519	-110.05	10909.93
234	2024.01.09 09:45	buy	98	0.58	1.27505	1.27319	1.27970	0.00	10909.93
235	2024.01.09 10:16	s/l	98	0.58	1.27319	1.27319	1.27970	-107.88	10802.05
236	2024.01.15 10:15	buy	99	0.60	1.27569	1.27389	1.28019	0.00	10802.05
237	2024.01.15 10:59	s/l	99	0.60	1.27389	1.27389	1.28019	-108.00	10694.05
238	2024.01.16 16:45	sell	100	0.55	1.26463	1.26655	1.25983	0.00	10694.05
239	2024.01.16 17:48	s/l	100	0.55	1.26655	1.26655	1.25983	-105.60	10588.45
240	2024.01.23 16:15	sell	101	0.46	1.26966	1.27194	1.26396	0.00	10588.45
241	2024.01.23 17:42	modify	101	0.46	1.26966	1.26956	1.26396	0.00	10588.45
242	2024.01.24 02:06	s/l	101	0.46	1.26956	1.26956	1.26396	2.85	10591.31
243	2024.01.24 10:15	buy	102	0.53	1.27174	1.26976	1.27669	0.00	10591.31
244	2024.01.24 11:30	modify	102	0.53	1.27174	1.27184	1.27669	0.00	10591.31
245	2024.01.24 11:38	t/p	102	0.53	1.27669	1.27184	1.27669	262.35	10853.66
246	2024.02.01 16:00	sell	103	0.43	1.26589	1.26839	1.25964	0.00	10853.66
247	2024.02.01 17:56	s/l	103	0.43	1.26839	1.26839	1.25964	-107.50	10746.16
248	2024.02.05 11:30	sell	104	0.53	1.26095	1.26296	1.25593	0.00	10746.16
249	2024.02.05 13:35	modify	104	0.53	1.26095	1.26085	1.25593	0.00	10746.16
250	2024.02.05 14:57	t/p	104	0.53	1.25593	1.26085	1.25593	266.06	11012.22
251	2024.02.06 14:15	sell	105	0.66	1.25474	1.25640	1.25059	0.00	11012.22
252	2024.02.06 14:56	s/l	105	0.66	1.25640	1.25640	1.25059	-109.56	10902.66
253	2024.02.07 09:15	buy	106	0.49	1.26189	1.25970	1.26737	0.00	10902.66
254	2024.02.08 14:27	s/l	106	0.49	1.25970	1.25970	1.26737	-112.47	10790.19
255	2024.02.20 14:30	buy	107	0.50	1.26062	1.25849	1.26595	0.00	10790.19
256	2024.02.20 15:48	modify	107	0.50	1.26062	1.26072	1.26595	0.00	10790.19
257	2024.02.20 16:32	t/p	107	0.50	1.26595	1.26072	1.26595	266.50	11056.69
258	2024.02.22 14:00	buy	108	0.67	1.26813	1.26648	1.27226	0.00	11056.69
259	2024.02.22 15:06	s/l	108	0.67	1.26648	1.26648	1.27226	-110.55	10946.14
260	2024.02.28 16:15	sell	109	0.56	1.26367	1.26561	1.25882	0.00	10946.14
261	2024.02.28 16:48	s/l	109	0.56	1.26561	1.26561	1.25882	-108.64	10837.50
262	2024.02.29 11:30	sell	110	0.59	1.26582	1.26765	1.26125	0.00	10837.50
263	2024.02.29 17:00	s/l	110	0.59	1.26765	1.26765	1.26125	-107.97	10729.53
264	2024.03.07 11:30	buy	111	0.51	1.27480	1.27271	1.28003	0.00	10729.53
265	2024.03.07 17:38	modify	111	0.51	1.27480	1.27490	1.28003	0.00	10729.53
266	2024.03.07 20:23	t/p	111	0.51	1.28003	1.27490	1.28003	266.73	10996.26
267	2024.03.13 09:30	sell	112	0.70	1.27827	1.27983	1.27437	0.00	10996.26
268	2024.03.13 10:30	s/l	112	0.70	1.27983	1.27983	1.27437	-109.20	10887.06
269	2024.03.13 11:30	sell	113	0.62	1.27852	1.28025	1.27420	0.00	10887.06
270	2024.03.13 13:33	s/l	113	0.62	1.28025	1.28025	1.27420	-107.26	10779.80
271	2024.03.25 10:45	sell	114	0.46	1.25953	1.26186	1.25371	0.00	10779.80
272	2024.03.25 12:03	s/l	114	0.46	1.26186	1.26186	1.25371	-107.18	10672.62
273	2024.03.26 11:30	buy	115	0.43	1.26626	1.26383	1.27234	0.00	10672.62
274	2024.03.26 14:51	s/l	115	0.43	1.26383	1.26383	1.27234	-104.49	10568.13
275	2024.03.28 14:00	sell	116	0.65	1.26120	1.26281	1.25718	0.00	10568.13
276	2024.03.28 14:43	s/l	116	0.65	1.26281	1.26281	1.25718	-104.65	10463.48
277	2024.04.04 16:00	buy	117	0.49	1.26695	1.26482	1.27228	0.00	10463.48
278	2024.04.04 21:40	s/l	117	0.49	1.26482	1.26482	1.27228	-104.37	10359.11
279	2024.04.17 16:15	buy	118	0.55	1.24650	1.24465	1.25113	0.00	10359.11
280	2024.04.17 18:31	s/l	118	0.55	1.24465	1.24465	1.25113	-101.75	10257.36
281	2024.04.18 10:45	buy	119	0.62	1.24768	1.24604	1.25178	0.00	10257.36
282	2024.04.18 15:21	s/l	119	0.62	1.24604	1.24604	1.25178	-101.68	10155.68
283	2024.04.24 16:00	buy	120	0.66	1.24427	1.24274	1.24810	0.00	10155.68
284	2024.04.24 18:45	s/l	120	0.66	1.24274	1.24274	1.24810	-100.98	10054.70
285	2024.05.15 11:30	buy	121	0.60	1.26073	1.25908	1.26486	0.00	10054.70
286	2024.05.15 15:30	modify	121	0.60	1.26073	1.26083	1.26486	0.00	10054.70
287	2024.05.15 15:30	t/p	121	0.60	1.26486	1.26083	1.26486	247.80	10302.50
288	2024.05.23 11:15	buy	122	0.64	1.27364	1.27205	1.27762	0.00	10302.50
289	2024.05.23 11:56	s/l	122	0.64	1.27205	1.27205	1.27762	-101.76	10200.74
290	2024.06.05 10:30	buy	123	0.67	1.27797	1.27646	1.28175	0.00	10200.74
291	2024.06.05 17:10	s/l	123	0.67	1.27646	1.27646	1.28175	-101.17	10099.57
292	2024.06.11 09:15	sell	124	0.49	1.27216	1.27421	1.26704	0.00	10099.57
293	2024.06.11 13:07	s/l	124	0.49	1.27421	1.27421	1.26704	-100.45	9999.12
294	2024.06.13 10:45	buy	125	0.62	1.27899	1.27740	1.28297	0.00	9999.12
295	2024.06.13 13:55	s/l	125	0.62	1.27740	1.27740	1.28297	-98.58	9900.54
296	2024.06.18 10:45	sell	126	0.45	1.26824	1.27040	1.26284	0.00	9900.54
297	2024.06.18 16:41	s/l	126	0.45	1.27040	1.27040	1.26284	-97.20	9803.34
298	2024.06.19 09:15	buy	127	0.46	1.27194	1.26981	1.27727	0.00	9803.34
299	2024.06.20 11:30	s/l	127	0.46	1.26981	1.26981	1.27727	-102.82	9700.52
300	2024.06.20 14:15	sell	128	0.47	1.26887	1.27090	1.26380	0.00	9700.52
301	2024.06.20 23:36	modify	128	0.47	1.26887	1.26877	1.26380	0.00	9700.52
302	2024.06.21 11:30	t/p	128	0.47	1.26380	1.26877	1.26380	236.51	9937.03
303	2024.06.25 11:15	buy	129	0.65	1.26982	1.26831	1.27360	0.00	9937.03
304	2024.06.25 14:39	s/l	129	0.65	1.26831	1.26831	1.27360	-98.15	9838.88
305	2024.07.09 16:45	buy	130	0.56	1.28196	1.28022	1.28631	0.00	9838.88
306	2024.07.09 17:05	s/l	130	0.56	1.28022	1.28022	1.28631	-97.44	9741.44
307	2024.07.15 16:15	buy	131	0.53	1.29835	1.29654	1.30288	0.00	9741.44
308	2024.07.15 20:28	s/l	131	0.53	1.29654	1.29654	1.30288	-95.93	9645.51
309	2024.07.17 09:45	buy	132	0.50	1.29863	1.29673	1.30338	0.00	9645.51
310	2024.07.17 11:08	modify	132	0.50	1.29863	1.29873	1.30338	0.00	9645.51
311	2024.07.17 12:24	t/p	132	0.50	1.30338	1.29873	1.30338	237.50	9883.01
312	2024.07.25 09:45	sell	133	0.61	1.28811	1.28972	1.28409	0.00	9883.01
313	2024.07.25 10:57	s/l	133	0.61	1.28972	1.28972	1.28409	-98.21	9784.80
314	2024.07.31 11:15	sell	134	0.39	1.28244	1.28490	1.27629	0.00	9784.80
315	2024.07.31 14:22	s/l	134	0.39	1.28490	1.28490	1.27629	-95.94	9688.86
316	2024.08.07 10:15	sell	135	0.54	1.27003	1.27181	1.26558	0.00	9688.86
317	2024.08.07 13:46	s/l	135	0.54	1.27181	1.27181	1.26558	-96.12	9592.74
318	2024.08.08 10:30	sell	136	0.44	1.26936	1.27153	1.26394	0.00	9592.74
319	2024.08.08 17:12	s/l	136	0.44	1.27153	1.27153	1.26394	-95.48	9497.26
320	2024.08.13 14:15	buy	137	0.62	1.27923	1.27770	1.28306	0.00	9497.26
321	2024.08.13 16:29	modify	137	0.62	1.27923	1.27933	1.28306	0.00	9497.26
322	2024.08.13 17:44	t/p	137	0.62	1.28306	1.27933	1.28306	237.46	9734.72
323	2024.08.20 09:30	buy	138	0.45	1.29936	1.29720	1.30476	0.00	9734.72
324	2024.08.20 15:52	modify	138	0.45	1.29936	1.29946	1.30476	0.00	9734.72
325	2024.08.20 17:54	t/p	138	0.45	1.30476	1.29946	1.30476	243.00	9977.72
326	2024.08.22 09:30	buy	139	0.64	1.30946	1.30791	1.31334	0.00	9977.72
327	2024.08.22 11:39	modify	139	0.64	1.30946	1.30956	1.31334	0.00	9977.72
328	2024.08.22 15:30	s/l	139	0.64	1.30956	1.30956	1.31334	6.40	9984.12
329	2024.08.26 14:00	buy	140	0.64	1.31996	1.31842	1.32381	0.00	9984.12
330	2024.08.26 14:29	s/l	140	0.64	1.31842	1.31842	1.32381	-98.56	9885.56
331	2024.08.26 16:00	buy	141	0.63	1.32023	1.31868	1.32411	0.00	9885.56
332	2024.08.26 16:40	s/l	141	0.63	1.31868	1.31868	1.32411	-97.65	9787.91
333	2024.08.27 10:15	buy	142	0.47	1.32115	1.31908	1.32633	0.00	9787.91
334	2024.08.27 12:19	modify	142	0.47	1.32115	1.32125	1.32633	0.00	9787.91
335	2024.08.27 15:17	s/l	142	0.47	1.32125	1.32125	1.32633	4.70	9792.61
336	2024.08.29 10:30	buy	143	0.64	1.32232	1.32079	1.32615	0.00	9792.61
337	2024.08.29 11:02	s/l	143	0.64	1.32079	1.32079	1.32615	-97.92	9694.69
338	2024.09.05 16:30	buy	144	0.40	1.31755	1.31513	1.32360	0.00	9694.69
339	2024.09.05 17:54	s/l	144	0.40	1.31513	1.31513	1.32360	-96.80	9597.89
340	2024.09.09 16:00	sell	145	0.61	1.30830	1.30985	1.30443	0.00	9597.89
341	2024.09.09 16:26	s/l	145	0.61	1.30985	1.30985	1.30443	-94.55	9503.34
342	2024.09.10 11:30	sell	146	0.47	1.30829	1.31028	1.30332	0.00	9503.34
343	2024.09.10 12:47	s/l	146	0.47	1.31028	1.31028	1.30332	-93.53	9409.81
344	2024.09.11 10:30	buy	147	0.55	1.30958	1.30787	1.31386	0.00	9409.81
345	2024.09.11 10:53	s/l	147	0.55	1.30787	1.30787	1.31386	-94.05	9315.76
346	2024.09.12 10:00	sell	148	0.61	1.30433	1.30584	1.30056	0.00	9315.76
347	2024.09.12 12:33	s/l	148	0.61	1.30584	1.30584	1.30056	-92.11	9223.65
348	2024.09.17 10:45	buy	149	0.42	1.32180	1.31962	1.32725	0.00	9223.65
349	2024.09.17 16:30	s/l	149	0.42	1.31962	1.31962	1.32725	-91.56	9132.09
350	2024.09.18 16:00	buy	150	0.57	1.32190	1.32032	1.32585	0.00	9132.09
351	2024.09.18 16:14	modify	150	0.57	1.32190	1.32200	1.32585	0.00	9132.09
352	2024.09.18 17:20	s/l	150	0.57	1.32200	1.32200	1.32585	5.70	9137.79
353	2024.09.24 11:15	buy	151	0.48	1.33588	1.33399	1.34061	0.00	9137.79
354	2024.09.24 15:41	modify	151	0.48	1.33588	1.33598	1.34061	0.00	9137.79
355	2024.09.24 22:06	t/p	151	0.48	1.34061	1.33598	1.34061	227.04	9364.83
356	2024.09.30 14:00	buy	152	0.38	1.34076	1.33835	1.34679	0.00	9364.83
357	2024.09.30 15:47	s/l	152	0.38	1.33835	1.33835	1.34679	-91.58	9273.25
358	2024.10.01 10:00	sell	153	0.49	1.33678	1.33864	1.33213	0.00	9273.25
359	2024.10.01 10:31	modify	153	0.49	1.33678	1.33668	1.33213	0.00	9273.25
360	2024.10.01 13:03	t/p	153	0.49	1.33213	1.33668	1.33213	227.85	9501.10
361	2024.10.02 08:00	sell	154	0.40	1.32692	1.32929	1.32100	0.00	9501.10
362	2024.10.02 10:06	s/l	154	0.40	1.32929	1.32929	1.32100	-94.80	9406.30
363	2024.10.02 14:00	sell	155	0.52	1.32776	1.32956	1.32326	0.00	9406.30
364	2024.10.02 14:56	s/l	155	0.52	1.32956	1.32956	1.32326	-93.60	9312.70
365	2024.10.07 16:45	sell	156	0.43	1.30743	1.30958	1.30206	0.00	9312.70
366	2024.10.07 20:20	s/l	156	0.43	1.30958	1.30958	1.30206	-92.45	9220.25
367	2024.10.08 10:00	sell	157	0.50	1.30757	1.30938	1.30305	0.00	9220.25
368	2024.10.08 10:45	s/l	157	0.50	1.30938	1.30938	1.30305	-90.50	9129.75
369	2024.10.09 09:15	sell	158	0.47	1.30841	1.31034	1.30359	0.00	9129.75
370	2024.10.10 15:30	modify	158	0.47	1.30841	1.30831	1.30359	0.00	9129.75
371	2024.10.10 15:30	t/p	158	0.47	1.30359	1.30831	1.30359	221.19	9350.93
372	2024.10.14 14:15	sell	159	0.49	1.30457	1.30647	1.29982	0.00	9350.93
373	2024.10.15 01:52	s/l	159	0.49	1.30647	1.30647	1.29982	-94.96	9255.97
374	2024.10.22 11:30	sell	160	0.42	1.29938	1.30157	1.29391	0.00	9255.97
375	2024.10.22 15:54	modify	160	0.42	1.29938	1.29928	1.29391	0.00	9255.97
376	2024.10.23 08:10	s/l	160	0.42	1.29928	1.29928	1.29391	2.60	9258.57
377	2024.10.23 09:45	sell	161	0.40	1.29733	1.29964	1.29156	0.00	9258.57
378	2024.10.23 18:42	modify	161	0.40	1.29733	1.29723	1.29156	0.00	9258.57
379	2024.10.23 20:40	t/p	161	0.40	1.29156	1.29723	1.29156	230.80	9489.37
380	2024.10.28 16:45	buy	162	0.62	1.29914	1.29761	1.30297	0.00	9489.37
381	2024.10.28 19:13	s/l	162	0.62	1.29761	1.29761	1.30297	-94.86	9394.51
382	2024.10.30 10:15	buy	163	0.38	1.30223	1.29980	1.30831	0.00	9394.51
383	2024.10.30 11:33	s/l	163	0.38	1.29980	1.29980	1.30831	-92.34	9302.17
384	2024.11.05 16:15	buy	164	0.44	1.29977	1.29767	1.30502	0.00	9302.17
385	2024.11.05 19:43	modify	164	0.44	1.29977	1.29987	1.30502	0.00	9302.17
386	2024.11.06 02:21	s/l	164	0.44	1.29987	1.29987	1.30502	2.86	9305.03
387	2024.11.07 10:30	buy	165	0.61	1.29360	1.29208	1.29740	0.00	9305.03
388	2024.11.07 11:04	s/l	165	0.61	1.29208	1.29208	1.29740	-92.72	9212.31
389	2024.11.11 09:30	sell	166	0.52	1.29064	1.29240	1.28624	0.00	9212.31
390	2024.11.11 13:01	modify	166	0.52	1.29064	1.29054	1.28624	0.00	9212.31
391	2024.11.11 15:33	t/p	166	0.52	1.28624	1.29054	1.28624	228.80	9441.11
392	2024.11.12 14:30	sell	167	0.62	1.28154	1.28305	1.27777	0.00	9441.11
393	2024.11.12 16:30	modify	167	0.62	1.28154	1.28144	1.27777	0.00	9441.11
394	2024.11.12 17:05	t/p	167	0.62	1.27777	1.28144	1.27777	233.74	9674.85
395	2024.11.13 16:30	sell	168	0.63	1.27429	1.27582	1.27047	0.00	9674.85
396	2024.11.13 16:50	modify	168	0.63	1.27429	1.27419	1.27047	0.00	9674.85
397	2024.11.13 16:53	t/p	168	0.63	1.27047	1.27419	1.27047	240.66	9915.51
398	2024.11.14 11:00	sell	169	0.45	1.26693	1.26911	1.26148	0.00	9915.51
399	2024.11.14 12:27	modify	169	0.45	1.26693	1.26683	1.26148	0.00	9915.51
400	2024.11.14 14:44	s/l	169	0.45	1.26683	1.26683	1.26148	4.50	9920.01
401	2024.11.18 09:30	sell	170	0.49	1.26221	1.26423	1.25716	0.00	9920.01
402	2024.11.18 17:52	s/l	170	0.49	1.26423	1.26423	1.25716	-98.98	9821.03
403	2024.11.19 16:00	sell	171	0.48	1.26348	1.26551	1.25841	0.00	9821.03
404	2024.11.19 16:30	s/l	171	0.48	1.26551	1.26551	1.25841	-97.44	9723.59
405	2024.11.21 16:15	sell	172	0.45	1.26377	1.26593	1.25837	0.00	9723.59
406	2024.11.21 18:16	modify	172	0.45	1.26377	1.26367	1.25837	0.00	9723.59
407	2024.11.21 19:00	t/p	172	0.45	1.25837	1.26367	1.25837	243.00	9966.59
408	2024.12.02 09:00	buy	173	0.48	1.27054	1.26847	1.27572	0.00	9966.59
409	2024.12.02 09:44	s/l	173	0.48	1.26847	1.26847	1.27572	-99.36	9867.23
410	2024.12.04 10:15	buy	174	0.57	1.26907	1.26734	1.27340	0.00	9867.23
411	2024.12.04 10:32	s/l	174	0.57	1.26734	1.26734	1.27340	-98.61	9768.62
412	2024.12.04 16:30	buy	175	0.41	1.26839	1.26602	1.27432	0.00	9768.62
413	2024.12.04 19:25	modify	175	0.41	1.26839	1.26849	1.27432	0.00	9768.62
414	2024.12.05 15:30	t/p	175	0.41	1.27432	1.26849	1.27432	238.82	10007.44
415	2024.12.10 10:00	sell	176	0.56	1.27410	1.27588	1.26965	0.00	10007.44
416	2024.12.10 12:02	s/l	176	0.56	1.27588	1.27588	1.26965	-99.68	9907.76
417	2024.12.10 16:15	buy	177	0.65	1.27613	1.27461	1.27993	0.00	9907.76
418	2024.12.10 16:51	s/l	177	0.65	1.27461	1.27461	1.27993	-98.80	9808.96
419	2024.12.23 11:00	buy	178	0.55	1.25753	1.25577	1.26193	0.00	9808.96
420	2024.12.23 12:33	s/l	178	0.55	1.25577	1.25577	1.26193	-96.80	9712.16
421	2024.12.31 10:15	sell	179	0.54	1.25495	1.25672	1.25053	0.00	9712.16
422	2024.12.31 11:42	s/l	179	0.54	1.25672	1.25672	1.25053	-95.58	9616.58
423	2024.12.31 11:45	buy	180	0.40	1.25680	1.25444	1.26270	0.00	9616.58
424	2024.12.31 12:04	s/l	180	0.40	1.25444	1.25444	1.26270	-94.40	9522.18
425	2025.01.07 10:45	buy	181	0.50	1.25486	1.25296	1.25961	0.00	9522.18
426	2025.01.07 14:56	s/l	181	0.50	1.25296	1.25296	1.25961	-95.00	9427.18
427	2025.01.08 09:45	sell	182	0.42	1.24691	1.24911	1.24141	0.00	9427.18
428	2025.01.08 13:06	modify	182	0.42	1.24691	1.24681	1.24141	0.00	9427.18
429	2025.01.08 13:11	t/p	182	0.42	1.24141	1.24681	1.24141	231.00	9658.18
430	2025.01.09 14:30	sell	183	0.53	1.22796	1.22978	1.22341	0.00	9658.18
431	2025.01.09 15:08	s/l	183	0.53	1.22978	1.22978	1.22341	-96.46	9561.72
432	2025.01.13 09:00	sell	184	0.49	1.21428	1.21621	1.20946	0.00	9561.72
433	2025.01.13 10:14	s/l	184	0.49	1.21621	1.21621	1.20946	-94.57	9467.15
434	2025.01.15 11:45	buy	185	0.42	1.22207	1.21984	1.22765	0.00	9467.15
435	2025.01.15 15:30	modify	185	0.42	1.22207	1.22217	1.22765	0.00	9467.15
436	2025.01.15 15:30	t/p	185	0.42	1.22765	1.22217	1.22765	234.36	9701.51
437	2025.01.16 10:15	sell	186	0.41	1.22048	1.22282	1.21463	0.00	9701.51
438	2025.01.16 17:24	s/l	186	0.41	1.22282	1.22282	1.21463	-95.94	9605.57
439	2025.01.20 14:30	sell	187	0.54	1.21909	1.22084	1.21472	0.00	9605.57
440	2025.01.20 15:30	s/l	187	0.54	1.22084	1.22084	1.21472	-94.50	9511.07
441	2025.01.22 11:00	buy	188	0.41	1.23405	1.23175	1.23980	0.00	9511.07
442	2025.01.22 12:30	modify	188	0.41	1.23405	1.23415	1.23980	0.00	9511.07
443	2025.01.22 15:38	s/l	188	0.41	1.23415	1.23415	1.23980	4.10	9515.17
444	2025.01.23 14:00	sell	189	0.41	1.23074	1.23306	1.22494	0.00	9515.17
445	2025.01.23 15:34	s/l	189	0.41	1.23306	1.23306	1.22494	-95.12	9420.05
446	2025.01.27 08:15	buy	190	0.46	1.24606	1.24405	1.25109	0.00	9420.05
447	2025.01.27 09:42	s/l	190	0.46	1.24405	1.24405	1.25109	-92.46	9327.59
448	2025.01.28 09:45	sell	191	0.49	1.24314	1.24501	1.23847	0.00	9327.59
449	2025.01.28 11:16	s/l	191	0.49	1.24501	1.24501	1.23847	-91.63	9235.96
450	2025.01.30 09:45	buy	192	0.55	1.24463	1.24296	1.24881	0.00	9235.96
451	2025.01.30 12:50	s/l	192	0.55	1.24296	1.24296	1.24881	-91.85	9144.11
452	2025.02.04 09:00	buy	193	0.50	1.24095	1.23914	1.24548	0.00	9144.11
453	2025.02.04 11:14	modify	193	0.50	1.24095	1.24105	1.24548	0.00	9144.11
454	2025.02.04 13:56	s/l	193	0.50	1.24105	1.24105	1.24548	5.00	9149.11
455	2025.02.05 09:15	buy	194	0.53	1.24864	1.24693	1.25292	0.00	9149.11
456	2025.02.05 10:55	modify	194	0.53	1.24864	1.24874	1.25292	0.00	9149.11
457	2025.02.05 12:18	t/p	194	0.53	1.25292	1.24874	1.25292	226.84	9375.95
458	2025.02.05 16:15	buy	195	0.53	1.25273	1.25098	1.25711	0.00	9375.95
459	2025.02.05 16:35	s/l	195	0.53	1.25098	1.25098	1.25711	-92.75	9283.20
460	2025.02.10 16:15	sell	196	0.52	1.23821	1.23999	1.23376	0.00	9283.20
461	2025.02.11 01:27	modify	196	0.52	1.23821	1.23811	1.23376	0.00	9283.20
462	2025.02.11 10:01	t/p	196	0.52	1.23376	1.23811	1.23376	229.43	9512.62
463	2025.02.12 10:00	buy	197	0.55	1.24581	1.24411	1.25006	0.00	9512.62
464	2025.02.12 10:57	s/l	197	0.55	1.24411	1.24411	1.25006	-93.50	9419.12
465	2025.02.13 11:45	buy	198	0.54	1.24888	1.24715	1.25321	0.00	9419.12
466	2025.02.13 13:47	s/l	198	0.54	1.24715	1.24715	1.25321	-93.42	9325.70
467	2025.02.17 11:15	buy	199	0.53	1.25991	1.25817	1.26426	0.00	9325.70
468	2025.02.17 19:54	modify	199	0.53	1.25991	1.26001	1.26426	0.00	9325.70
469	2025.02.18 03:45	s/l	199	0.53	1.26001	1.26001	1.26426	3.44	9329.14
470	2025.02.18 16:15	buy	200	0.53	1.26043	1.25868	1.26481	0.00	9329.14
471	2025.02.19 00:32	modify	200	0.53	1.26043	1.26053	1.26481	0.00	9329.14
472	2025.02.19 11:41	s/l	200	0.53	1.26053	1.26053	1.26481	3.44	9332.58
473	2025.02.20 10:15	buy	201	0.41	1.26108	1.25884	1.26668	0.00	9332.58
474	2025.02.20 18:08	modify	201	0.41	1.26108	1.26118	1.26668	0.00	9332.58
475	2025.02.20 21:48	t/p	201	0.41	1.26668	1.26118	1.26668	229.60	9562.18
476	2025.02.26 10:45	sell	202	0.48	1.26470	1.26666	1.25980	0.00	9562.18
477	2025.02.26 16:51	s/l	202	0.48	1.26666	1.26666	1.25980	-94.08	9468.10
478	2025.03.03 10:30	sell	203	0.50	1.25883	1.26069	1.25418	0.00	9468.10
479	2025.03.03 11:10	s/l	203	0.50	1.26069	1.26069	1.25418	-93.00	9375.10
480	2025.03.04 08:30	buy	204	0.58	1.27022	1.26862	1.27422	0.00	9375.10
481	2025.03.04 11:34	modify	204	0.58	1.27022	1.27032	1.27422	0.00	9375.10
482	2025.03.04 14:00	t/p	204	0.58	1.27422	1.27032	1.27422	232.00	9607.10
483	2025.03.05 14:15	buy	205	0.45	1.28364	1.28152	1.28894	0.00	9607.10
484	2025.03.05 14:55	s/l	205	0.45	1.28152	1.28152	1.28894	-95.40	9511.70
485	2025.03.06 14:15	buy	206	0.40	1.28934	1.28702	1.29514	0.00	9511.70
486	2025.03.06 23:22	s/l	206	0.40	1.28702	1.28702	1.29514	-92.80	9418.90
487	2025.03.11 14:30	buy	207	0.44	1.29405	1.29193	1.29935	0.00	9418.90
488	2025.03.11 16:28	s/l	207	0.44	1.29193	1.29193	1.29935	-93.28	9325.62
489	2025.03.12 11:00	buy	208	0.47	1.29428	1.29231	1.29921	0.00	9325.62
490	2025.03.12 14:30	modify	208	0.47	1.29428	1.29438	1.29921	0.00	9325.62
491	2025.03.12 14:38	s/l	208	0.47	1.29438	1.29438	1.29921	4.70	9330.32
492	2025.03.18 09:00	buy	209	0.60	1.29810	1.29655	1.30198	0.00	9330.32
493	2025.03.18 10:34	modify	209	0.60	1.29810	1.29820	1.30198	0.00	9330.32
494	2025.03.18 13:40	s/l	209	0.60	1.29820	1.29820	1.30198	6.00	9336.32
495	2025.03.24 16:45	sell	210	0.38	1.29269	1.29509	1.28669	0.00	9336.32
496	2025.03.25 12:44	s/l	210	0.38	1.29509	1.29509	1.28669	-92.64	9243.68
497	2025.03.26 09:15	sell	211	0.45	1.29240	1.29443	1.28733	0.00	9243.68
498	2025.03.26 10:19	modify	211	0.45	1.29240	1.29230	1.28733	0.00	9243.68
499	2025.03.27 00:15	t/p	211	0.45	1.28733	1.29230	1.28733	223.02	9466.70
500	2025.03.27 08:15	buy	212	0.48	1.29259	1.29063	1.29749	0.00	9466.70
501	2025.03.27 09:25	s/l	212	0.48	1.29063	1.29063	1.29749	-94.08	9372.62
502	2025.03.27 10:45	buy	213	0.46	1.29188	1.28986	1.29693	0.00	9372.62
503	2025.03.27 14:30	modify	213	0.46	1.29188	1.29198	1.29693	0.00	9372.62
504	2025.03.27 17:30	t/p	213	0.46	1.29693	1.29198	1.29693	232.30	9604.92
505	2025.03.31 09:30	buy	214	0.58	1.29623	1.29460	1.30031	0.00	9604.92
506	2025.03.31 11:09	s/l	214	0.58	1.29460	1.29460	1.30031	-94.54	9510.38
507	2025.03.31 14:45	buy	215	0.39	1.29585	1.29342	1.30193	0.00	9510.38
508	2025.03.31 15:47	s/l	215	0.39	1.29342	1.29342	1.30193	-94.77	9415.61
509	2025.04.10 10:45	buy	216	0.40	1.28653	1.28421	1.29233	0.00	9415.61
510	2025.04.10 13:22	modify	216	0.40	1.28653	1.28663	1.29233	0.00	9415.61
511	2025.04.10 13:40	t/p	216	0.40	1.29233	1.28663	1.29233	232.00	9647.61
512	2025.04.14 08:30	buy	217	0.46	1.31145	1.30938	1.31663	0.00	9647.61
513	2025.04.14 09:24	modify	217	0.46	1.31145	1.31155	1.31663	0.00	9647.61
514	2025.04.14 09:42	t/p	217	0.46	1.31663	1.31155	1.31663	238.28	9885.89
515	2025.04.16 14:30	buy	218	0.55	1.32735	1.32556	1.33183	0.00	9885.89
516	2025.04.16 15:33	s/l	218	0.55	1.32556	1.32556	1.33183	-98.45	9787.44
517	2025.04.17 08:45	sell	219	0.56	1.32048	1.32220	1.31618	0.00	9787.44
518	2025.04.17 09:37	s/l	219	0.56	1.32220	1.32220	1.31618	-96.32	9691.12
519	2025.04.21 14:45	buy	220	0.47	1.33969	1.33764	1.34482	0.00	9691.12
520	2025.04.21 19:10	s/l	220	0.47	1.33764	1.33764	1.34482	-96.35	9594.77
521	2025.04.28 09:45	sell	221	0.50	1.32995	1.33186	1.32518	0.00	9594.77
522	2025.04.28 11:08	s/l	221	0.50	1.33186	1.33186	1.32518	-95.50	9499.27
523	2025.04.28 11:30	buy	222	0.58	1.33166	1.33004	1.33571	0.00	9499.27
524	2025.04.28 12:07	modify	222	0.58	1.33166	1.33176	1.33571	0.00	9499.27
525	2025.04.28 16:30	t/p	222	0.58	1.33571	1.33176	1.33571	234.90	9734.17
526	2025.04.29 09:15	buy	223	0.53	1.34154	1.33971	1.34612	0.00	9734.17
527	2025.04.29 12:48	s/l	223	0.53	1.33971	1.33971	1.34612	-96.99	9637.18
528	2025.04.30 09:30	buy	224	0.47	1.33996	1.33791	1.34509	0.00	9637.18
529	2025.04.30 11:00	s/l	224	0.47	1.33791	1.33791	1.34509	-96.35	9540.83
530	2025.05.06 09:45	buy	225	0.45	1.33034	1.32825	1.33557	0.00	9540.83
531	2025.05.06 13:32	modify	225	0.45	1.33034	1.33044	1.33557	0.00	9540.83
532	2025.05.06 14:10	t/p	225	0.45	1.33557	1.33044	1.33557	235.35	9776.18
533	2025.05.07 14:15	buy	226	0.57	1.33552	1.33381	1.33980	0.00	9776.18
534	2025.05.07 18:36	s/l	226	0.57	1.33381	1.33381	1.33980	-97.47	9678.71
535	2025.05.12 09:15	buy	227	0.38	1.32962	1.32713	1.33585	0.00	9678.71
536	2025.05.12 10:00	s/l	227	0.38	1.32713	1.32713	1.33585	-94.62	9584.09
537	2025.05.13 14:00	sell	228	0.60	1.32026	1.32185	1.31629	0.00	9584.09
538	2025.05.13 15:09	s/l	228	0.60	1.32185	1.32185	1.31629	-95.40	9488.69
539	2025.05.14 09:30	buy	229	0.53	1.33059	1.32880	1.33507	0.00	9488.69
540	2025.05.14 11:03	modify	229	0.53	1.33059	1.33069	1.33507	0.00	9488.69
541	2025.05.14 11:07	t/p	229	0.53	1.33507	1.33069	1.33507	237.44	9726.13
542	2025.05.15 08:45	sell	230	0.56	1.32631	1.32802	1.32204	0.00	9726.13
543	2025.05.15 09:00	s/l	230	0.56	1.32802	1.32802	1.32204	-95.76	9630.37
544	2025.05.15 09:15	buy	231	0.40	1.32833	1.32596	1.33426	0.00	9630.37
545	2025.05.16 08:03	modify	231	0.40	1.32833	1.32843	1.33426	0.00	9630.37
546	2025.05.16 13:15	s/l	231	0.40	1.32843	1.32843	1.33426	2.60	9632.97
547	2025.05.20 08:15	buy	232	0.63	1.33738	1.33586	1.34118	0.00	9632.97
548	2025.05.20 13:23	s/l	232	0.63	1.33586	1.33586	1.34118	-95.76	9537.21
549	2025.05.22 10:30	buy	233	0.51	1.34257	1.34070	1.34725	0.00	9537.21
550	2025.05.22 11:50	s/l	233	0.51	1.34070	1.34070	1.34725	-95.37	9441.84
551	2025.05.22 14:15	buy	234	0.42	1.34104	1.33881	1.34662	0.00	9441.84
552	2025.05.23 04:51	modify	234	0.42	1.34104	1.34114	1.34662	0.00	9441.84
553	2025.05.23 10:20	t/p	234	0.42	1.34662	1.34114	1.34662	232.89	9674.73
554	2025.05.27 14:15	buy	235	0.61	1.35473	1.35315	1.35868	0.00	9674.73
555	2025.05.27 17:30	s/l	235	0.61	1.35315	1.35315	1.35868	-96.38	9578.35
556	2025.06.02 14:30	buy	236	0.59	1.35404	1.35243	1.35807	0.00	9578.35
557	2025.06.02 16:25	s/l	236	0.59	1.35243	1.35243	1.35807	-94.99	9483.36
558	2025.06.03 14:00	sell	237	0.58	1.35047	1.35210	1.34640	0.00	9483.36
559	2025.06.03 16:39	s/l	237	0.58	1.35210	1.35210	1.34640	-94.54	9388.82
560	2025.06.04 10:00	buy	238	0.43	1.35269	1.35051	1.35814	0.00	9388.82
561	2025.06.04 17:07	modify	238	0.43	1.35269	1.35279	1.35814	0.00	9388.82
562	2025.06.05 13:31	t/p	238	0.43	1.35814	1.35279	1.35814	229.83	9618.64
563	2025.06.10 09:15	sell	239	0.53	1.35291	1.35471	1.34841	0.00	9618.64
564	2025.06.10 09:47	modify	239	0.53	1.35291	1.35281	1.34841	0.00	9618.64
565	2025.06.10 09:57	t/p	239	0.53	1.34841	1.35281	1.34841	238.50	9857.14
566	2025.06.10 14:45	sell	240	0.62	1.34931	1.35088	1.34539	0.00	9857.14
567	2025.06.10 15:00	s/l	240	0.62	1.35088	1.35088	1.34539	-97.34	9759.80
568	2025.06.11 09:30	sell	241	0.46	1.34714	1.34924	1.34189	0.00	9759.80
569	2025.06.11 11:07	s/l	241	0.46	1.34924	1.34924	1.34189	-96.60	9663.20
570	2025.06.11 14:30	sell	242	0.59	1.34863	1.35026	1.34456	0.00	9663.20
571	2025.06.11 15:30	s/l	242	0.59	1.35026	1.35026	1.34456	-96.17	9567.03
572	2025.06.16 16:15	buy	243	0.39	1.35960	1.35715	1.36573	0.00	9567.03
573	2025.06.16 23:59	s/l	243	0.39	1.35715	1.35715	1.36573	-95.55	9471.48
574	2025.06.17 10:00	sell	244	0.55	1.35614	1.35784	1.35189	0.00	9471.48
575	2025.06.17 17:08	modify	244	0.55	1.35614	1.35604	1.35189	0.00	9471.48
576	2025.06.17 17:26	t/p	244	0.55	1.35189	1.35604	1.35189	233.75	9705.23
577	2025.06.18 11:30	sell	245	0.60	1.34510	1.34671	1.34108	0.00	9705.23
578	2025.06.18 12:23	s/l	245	0.60	1.34671	1.34671	1.34108	-96.60	9608.63
579	2025.06.18 16:45	sell	246	0.53	1.34384	1.34563	1.33937	0.00	9608.63
580	2025.06.18 17:03	s/l	246	0.53	1.34563	1.34563	1.33937	-94.87	9513.76
581	2025.06.19 11:00	sell	247	0.54	1.34012	1.34186	1.33577	0.00	9513.76
582	2025.06.19 11:22	s/l	247	0.54	1.34186	1.34186	1.33577	-93.96	9419.80
583	2025.06.19 16:30	sell	248	0.52	1.34284	1.34464	1.33834	0.00	9419.80
584	2025.06.19 20:45	s/l	248	0.52	1.34464	1.34464	1.33834	-93.60	9326.20
585	2025.06.25 10:45	buy	249	0.44	1.36322	1.36113	1.36845	0.00	9326.20
586	2025.06.25 10:52	s/l	249	0.44	1.36113	1.36113	1.36845	-91.96	9234.24
587	2025.06.25 14:15	buy	250	0.59	1.36145	1.35989	1.36535	0.00	9234.24
588	2025.06.25 15:27	s/l	250	0.59	1.35989	1.35989	1.36535	-92.04	9142.20
589	2025.06.26 10:00	buy	251	0.39	1.37190	1.36956	1.37775	0.00	9142.20
590	2025.06.26 11:17	modify	251	0.39	1.37190	1.37200	1.37775	0.00	9142.20
591	2025.06.26 14:05	s/l	251	0.39	1.37200	1.37200	1.37775	3.90	9146.10
592	2025.07.08 10:15	buy	252	0.47	1.36410	1.36219	1.36888	0.00	9146.10
593	2025.07.08 11:33	s/l	252	0.47	1.36219	1.36219	1.36888	-89.77	9056.33
594	2025.07.16 10:45	sell	253	0.43	1.33908	1.34116	1.33388	0.00	9056.33
595	2025.07.16 14:04	s/l	253	0.43	1.34116	1.34116	1.33388	-89.44	8966.89
596	2025.07.17 11:00	sell	254	0.50	1.33822	1.34000	1.33377	0.00	8966.89
597	2025.07.17 11:40	s/l	254	0.50	1.34000	1.34000	1.33377	-89.00	8877.89
598	2025.07.22 11:30	buy	255	0.48	1.34775	1.34591	1.35235	0.00	8877.89
599	2025.07.22 17:54	modify	255	0.48	1.34775	1.34785	1.35235	0.00	8877.89
600	2025.07.22 19:07	t/p	255	0.48	1.35235	1.34785	1.35235	220.80	9098.69
601	2025.07.23 10:00	buy	256	0.44	1.35328	1.35125	1.35836	0.00	9098.69
602	2025.07.23 18:10	modify	256	0.44	1.35328	1.35338	1.35836	0.00	9098.69
603	2025.07.24 01:23	t/p	256	0.44	1.35836	1.35338	1.35836	218.89	9317.58
604	2025.07.29 14:30	sell	257	0.54	1.33457	1.33627	1.33032	0.00	9317.58
605	2025.07.29 15:57	modify	257	0.54	1.33457	1.33447	1.33032	0.00	9317.58
606	2025.07.29 19:16	s/l	257	0.54	1.33447	1.33447	1.33032	5.40	9322.98
607	2025.08.04 09:15	buy	258	0.51	1.32858	1.32677	1.33311	0.00	9322.98
608	2025.08.04 10:20	s/l	258	0.51	1.32677	1.32677	1.33311	-92.31	9230.67
609	2025.08.05 10:30	buy	259	0.41	1.32924	1.32703	1.33477	0.00	9230.67
610	2025.08.05 10:47	s/l	259	0.41	1.32703	1.32703	1.33477	-90.61	9140.06
611	2025.08.05 16:30	buy	260	0.50	1.32939	1.32757	1.33394	0.00	9140.06
612	2025.08.05 16:50	s/l	260	0.50	1.32757	1.32757	1.33394	-91.00	9049.06
613	2025.08.06 11:00	buy	261	0.55	1.33039	1.32877	1.33444	0.00	9049.06
614	2025.08.06 11:26	s/l	261	0.55	1.32877	1.32877	1.33444	-89.10	8959.96
615	2025.08.07 14:00	buy	262	0.57	1.33780	1.33623	1.34173	0.00	8959.96
616	2025.08.07 14:00	modify	262	0.57	1.33780	1.33790	1.34173	0.00	8959.96
617	2025.08.07 14:00	t/p	262	0.57	1.34173	1.33790	1.34173	224.01	9183.97
618	2025.08.12 08:00	buy	263	0.54	1.34384	1.34217	1.34802	0.00	9183.97
619	2025.08.12 08:51	s/l	263	0.54	1.34217	1.34217	1.34802	-90.18	9093.79
620	2025.08.12 09:15	buy	264	0.41	1.34391	1.34174	1.34934	0.00	9093.79
621	2025.08.12 15:30	modify	264	0.41	1.34391	1.34401	1.34934	0.00	9093.79
622	2025.08.12 15:30	t/p	264	0.41	1.34934	1.34401	1.34934	222.63	9316.42
623	2025.08.14 09:15	buy	265	0.58	1.35819	1.35661	1.36214	0.00	9316.42
624	2025.08.14 11:09	s/l	265	0.58	1.35661	1.35661	1.36214	-91.64	9224.78
625	2025.08.14 11:30	buy	266	0.47	1.35797	1.35603	1.36282	0.00	9224.78
626	2025.08.14 15:30	s/l	266	0.47	1.35603	1.35603	1.36282	-91.18	9133.60
627	2025.08.20 16:15	sell	267	0.57	1.34806	1.34966	1.34406	0.00	9133.60
628	2025.08.20 18:47	modify	267	0.57	1.34806	1.34796	1.34406	0.00	9133.60
629	2025.08.21 10:00	t/p	267	0.57	1.34406	1.34796	1.34406	221.51	9355.11
630	2025.08.21 14:30	sell	268	0.58	1.34600	1.34760	1.34200	0.00	9355.11
631	2025.08.21 16:45	modify	268	0.58	1.34600	1.34590	1.34200	0.00	9355.11
632	2025.08.21 18:06	t/p	268	0.58	1.34200	1.34590	1.34200	232.00	9587.11
633	2025.08.25 14:15	buy	269	0.49	1.35009	1.34816	1.35492	0.00	9587.11
634	2025.08.25 20:20	s/l	269	0.49	1.34816	1.34816	1.35492	-94.57	9492.54
635	2025.08.26 10:15	sell	270	0.42	1.34440	1.34665	1.33878	0.00	9492.54
636	2025.08.26 11:16	s/l	270	0.42	1.34665	1.34665	1.33878	-94.50	9398.04
637	2025.08.27 10:30	sell	271	0.50	1.34481	1.34668	1.34014	0.00	9398.04
638	2025.08.27 14:01	modify	271	0.50	1.34481	1.34471	1.34014	0.00	9398.04
639	2025.08.27 16:14	s/l	271	0.50	1.34471	1.34471	1.34014	5.00	9403.04
640	2025.09.01 11:00	buy	272	0.51	1.35306	1.35122	1.35766	0.00	9403.04
641	2025.09.02 10:08	s/l	272	0.51	1.35122	1.35122	1.35766	-95.63	9307.41
642	2025.09.04 16:00	buy	273	0.42	1.34418	1.34197	1.34971	0.00	9307.41
643	2025.09.04 17:35	s/l	273	0.42	1.34197	1.34197	1.34971	-92.82	9214.59
644	2025.09.09 10:15	buy	274	0.53	1.35729	1.35557	1.36159	0.00	9214.59
645	2025.09.09 15:00	s/l	274	0.53	1.35557	1.35557	1.36159	-91.16	9123.43
646	2025.09.10 16:15	buy	275	0.49	1.35402	1.35216	1.35867	0.00	9123.43
647	2025.09.10 22:41	s/l	275	0.49	1.35216	1.35216	1.35867	-91.14	9032.29
648	2025.09.16 14:45	buy	276	0.49	1.36401	1.36218	1.36859	0.00	9032.29
649	2025.09.16 17:14	modify	276	0.49	1.36401	1.36411	1.36859	0.00	9032.29
650	2025.09.16 18:32	s/l	276	0.49	1.36411	1.36411	1.36859	4.90	9037.19
651	2025.09.23 11:00	buy	277	0.52	1.35208	1.35037	1.35636	0.00	9037.19
652	2025.09.23 11:30	s/l	277	0.52	1.35037	1.35037	1.35636	-88.92	8948.27
653	2025.09.30 09:30	buy	278	0.45	1.34460	1.34262	1.34955	0.00	8948.27
654	2025.09.30 14:13	s/l	278	0.45	1.34262	1.34262	1.34955	-89.10	8859.17
655	2025.10.01 11:00	buy	279	0.50	1.34688	1.34513	1.35126	0.00	8859.17
656	2025.10.01 15:15	modify	279	0.50	1.34688	1.34698	1.35126	0.00	8859.17
657	2025.10.01 15:18	t/p	279	0.50	1.35126	1.34698	1.35126	219.00	9078.17
658	2025.10.02 10:00	buy	280	0.46	1.34909	1.34712	1.35402	0.00	9078.17
659	2025.10.02 14:30	s/l	280	0.46	1.34712	1.34712	1.35402	-90.62	8987.55
660	2025.10.06 14:00	sell	281	0.53	1.34225	1.34392	1.33808	0.00	8987.55
661	2025.10.06 15:47	s/l	281	0.53	1.34392	1.34392	1.33808	-88.51	8899.04
662	2025.10.09 16:30	sell	282	0.37	1.33749	1.33987	1.33154	0.00	8899.04
663	2025.10.09 17:26	modify	282	0.37	1.33749	1.33739	1.33154	0.00	8899.04
664	2025.10.09 18:07	t/p	282	0.37	1.33154	1.33739	1.33154	220.15	9119.19
665	2025.10.13 09:30	buy	283	0.42	1.33651	1.33438	1.34184	0.00	9119.19
666	2025.10.13 10:01	s/l	283	0.42	1.33438	1.33438	1.34184	-89.46	9029.73
667	2025.10.13 14:45	sell	284	0.45	1.33349	1.33547	1.32854	0.00	9029.73
668	2025.10.14 09:13	modify	284	0.45	1.33349	1.33339	1.32854	0.00	9029.73
669	2025.10.14 09:34	t/p	284	0.45	1.32854	1.33339	1.32854	221.04	9250.77
670	2025.10.15 14:00	buy	285	0.44	1.33660	1.33452	1.34180	0.00	9250.77
671	2025.10.15 15:40	s/l	285	0.44	1.33452	1.33452	1.34180	-91.52	9159.25
672	2025.10.20 16:45	sell	286	0.48	1.34103	1.34290	1.33636	0.00	9159.25
673	2025.10.21 08:31	modify	286	0.48	1.34103	1.34093	1.33636	0.00	9159.25
674	2025.10.21 16:48	t/p	286	0.48	1.33636	1.34093	1.33636	222.34	9381.59
675	2025.10.23 14:00	sell	287	0.55	1.33374	1.33542	1.32954	0.00	9381.59
676	2025.10.23 18:14	modify	287	0.55	1.33374	1.33364	1.32954	0.00	9381.59
677	2025.10.24 15:30	s/l	287	0.55	1.33364	1.33364	1.32954	3.41	9385.00
678	2025.10.27 09:15	sell	288	0.53	1.33170	1.33346	1.32730	0.00	9385.00
679	2025.10.27 10:46	s/l	288	0.53	1.33346	1.33346	1.32730	-93.28	9291.72
680	2025.10.30 09:15	sell	289	0.53	1.31936	1.32110	1.31501	0.00	9291.72
681	2025.10.30 09:37	s/l	289	0.53	1.32110	1.32110	1.31501	-92.22	9199.50
682	2025.10.30 11:15	sell	290	0.60	1.31981	1.32132	1.31604	0.00	9199.50
683	2025.10.30 12:57	modify	290	0.60	1.31981	1.31971	1.31604	0.00	9199.50
684	2025.10.30 14:28	t/p	290	0.60	1.31604	1.31971	1.31604	226.20	9425.70
685	2025.11.05 16:00	sell	291	0.52	1.30260	1.30438	1.29815	0.00	9425.70
686	2025.11.05 17:18	s/l	291	0.52	1.30438	1.30438	1.29815	-92.56	9333.14
687	2025.11.06 09:30	buy	292	0.45	1.30712	1.30508	1.31222	0.00	9333.14
688	2025.11.06 14:57	modify	292	0.45	1.30712	1.30722	1.31222	0.00	9333.14
689	2025.11.06 15:48	t/p	292	0.45	1.31222	1.30722	1.31222	229.50	9562.64
690	2025.11.13 14:30	buy	293	0.40	1.31646	1.31412	1.32231	0.00	9562.64
691	2025.11.13 18:32	modify	293	0.40	1.31646	1.31656	1.32231	0.00	9562.64
692	2025.11.14 00:53	s/l	293	0.40	1.31656	1.31656	1.32231	2.60	9565.24
693	2025.11.17 14:00	buy	294	0.40	1.31810	1.31572	1.32405	0.00	9565.24
694	2025.11.17 21:03	s/l	294	0.40	1.31572	1.31572	1.32405	-95.20	9470.04
695	2025.11.18 09:00	sell	295	0.60	1.31488	1.31644	1.31098	0.00	9470.04
696	2025.11.18 10:04	s/l	295	0.60	1.31644	1.31644	1.31098	-93.60	9376.44
697	2025.11.19 10:30	sell	296	0.60	1.31356	1.31512	1.30966	0.00	9376.44
698	2025.11.19 12:09	modify	296	0.60	1.31356	1.31346	1.30966	0.00	9376.44
699	2025.11.19 12:57	t/p	296	0.60	1.30966	1.31346	1.30966	234.00	9610.44
700	2025.11.24 10:15	buy	297	0.44	1.31081	1.30865	1.31621	0.00	9610.44
701	2025.11.24 16:25	s/l	297	0.44	1.30865	1.30865	1.31621	-95.04	9515.40
702	2025.11.25 09:15	buy	298	0.53	1.31136	1.30958	1.31581	0.00	9515.40
703	2025.11.25 12:12	modify	298	0.53	1.31136	1.31146	1.31581	0.00	9515.40
704	2025.11.25 13:29	s/l	298	0.53	1.31146	1.31146	1.31581	5.30	9520.70
705	2025.11.25 14:30	buy	299	0.61	1.31221	1.31067	1.31606	0.00	9520.70
706	2025.11.25 15:09	modify	299	0.61	1.31221	1.31231	1.31606	0.00	9520.70
707	2025.11.25 15:30	t/p	299	0.61	1.31606	1.31231	1.31606	234.85	9755.55
708	2025.12.01 10:00	sell	300	0.52	1.32198	1.32384	1.31733	0.00	9755.55
709	2025.12.01 14:00	s/l	300	0.52	1.32384	1.32384	1.31733	-96.72	9658.83
710	2025.12.09 10:45	buy	301	0.54	1.33425	1.33247	1.33870	0.00	9658.83
711	2025.12.09 13:11	s/l	301	0.54	1.33247	1.33247	1.33870	-96.12	9562.71
712	2025.12.10 11:15	sell	302	0.54	1.33117	1.33293	1.32677	0.00	9562.71
713	2025.12.10 15:58	s/l	302	0.54	1.33293	1.33293	1.32677	-95.04	9467.67
714	2025.12.11 09:30	buy	303	0.54	1.33793	1.33619	1.34228	0.00	9467.67
715	2025.12.11 11:08	s/l	303	0.54	1.33619	1.33619	1.34228	-93.96	9373.71
716	2025.12.15 16:45	buy	304	0.57	1.33965	1.33802	1.34373	0.00	9373.71
717	2025.12.15 18:33	s/l	304	0.57	1.33802	1.33802	1.34373	-92.91	9280.80
718	2025.12.16 16:30	buy	305	0.37	1.34333	1.34084	1.34956	0.00	9280.80
719	2025.12.16 17:20	s/l	305	0.37	1.34084	1.34084	1.34956	-92.13	9188.67
720	2025.12.18 11:00	sell	306	0.58	1.33596	1.33753	1.33204	0.00	9188.67
721	2025.12.18 14:00	s/l	306	0.58	1.33753	1.33753	1.33204	-91.06	9097.61
722	2025.12.22 09:30	buy	307	0.57	1.34061	1.33902	1.34459	0.00	9097.61
723	2025.12.22 12:03	modify	307	0.57	1.34061	1.34071	1.34459	0.00	9097.61
724	2025.12.22 16:25	t/p	307	0.57	1.34459	1.34071	1.34459	226.86	9324.47
725	2025.12.24 11:00	buy	308	0.40	1.35232	1.35003	1.35805	0.00	9324.47
726	2025.12.24 16:45	s/l	308	0.40	1.35003	1.35003	1.35805	-91.60	9232.87
727	2025.12.29 14:00	sell	309	0.38	1.34895	1.35132	1.34303	0.00	9232.87
728	2025.12.29 17:50	s/l	309	0.38	1.35132	1.35132	1.34303	-90.06	9142.81
729	2025.12.31 10:30	sell	310	0.45	1.34478	1.34677	1.33981	0.00	9142.81
730	2025.12.31 14:47	s/l	310	0.45	1.34677	1.34677	1.33981	-89.55	9053.26
731	2026.01.05 10:45	sell	311	0.58	1.34249	1.34404	1.33862	0.00	9053.26
732	2026.01.05 11:56	s/l	311	0.58	1.34404	1.34404	1.33862	-89.90	8963.36
733	2026.01.13 11:00	buy	312	0.54	1.34776	1.34611	1.35189	0.00	8963.36
734	2026.01.13 14:48	s/l	312	0.54	1.34611	1.34611	1.35189	-89.10	8874.26
735	2026.01.19 11:00	buy	313	0.39	1.34102	1.33880	1.34657	0.00	8874.26
736	2026.01.20 07:04	modify	313	0.39	1.34102	1.34112	1.34657	0.00	8874.26
737	2026.01.20 09:34	t/p	313	0.39	1.34657	1.34112	1.34657	215.08	9089.34
738	2026.01.21 09:30	buy	314	0.45	1.34469	1.34269	1.34969	0.00	9089.34
739	2026.01.21 11:30	s/l	314	0.45	1.34269	1.34269	1.34969	-90.00	8999.34
740	2026.01.22 10:15	sell	315	0.55	1.34232	1.34395	1.33825	0.00	8999.34
741	2026.01.22 11:23	s/l	315	0.55	1.34395	1.34395	1.33825	-89.65	8909.69
742	2026.01.22 16:45	buy	316	0.42	1.34407	1.34199	1.34927	0.00	8909.69
743	2026.01.22 17:19	modify	316	0.42	1.34407	1.34417	1.34927	0.00	8909.69
744	2026.01.22 18:18	t/p	316	0.42	1.34927	1.34417	1.34927	218.40	9128.09
745	2026.01.26 09:30	buy	317	0.46	1.36732	1.36536	1.37222	0.00	9128.09
746	2026.01.26 09:39	s/l	317	0.46	1.36536	1.36536	1.37222	-90.16	9037.93
747	2026.01.26 16:00	buy	318	0.47	1.36621	1.36429	1.37101	0.00	9037.93
748	2026.01.26 16:58	modify	318	0.47	1.36621	1.36631	1.37101	0.00	9037.93
749	2026.01.26 17:55	t/p	318	0.47	1.37101	1.36631	1.37101	225.60	9263.53
750	2026.01.27 11:30	buy	319	0.61	1.36800	1.36649	1.37178	0.00	9263.53
751	2026.01.27 12:43	modify	319	0.61	1.36800	1.36810	1.37178	0.00	9263.53
752	2026.01.27 14:11	t/p	319	0.61	1.37178	1.36810	1.37178	230.58	9494.11
753	2026.01.28 08:15	buy	320	0.59	1.38094	1.37935	1.38492	0.00	9494.11
754	2026.01.28 09:39	s/l	320	0.59	1.37935	1.37935	1.38492	-93.81	9400.30
755	2026.01.29 10:15	buy	321	0.38	1.38458	1.38216	1.39063	0.00	9400.30
756	2026.01.29 10:47	s/l	321	0.38	1.38216	1.38216	1.39063	-91.96	9308.34
757	2026.02.04 14:30	buy	322	0.49	1.37189	1.37001	1.37659	0.00	9308.34
758	2026.02.04 16:05	s/l	322	0.49	1.37001	1.37001	1.37659	-92.12	9216.22
759	2026.02.05 10:45	sell	323	0.44	1.36143	1.36348	1.35631	0.00	9216.22
760	2026.02.05 11:13	modify	323	0.44	1.36143	1.36133	1.35631	0.00	9216.22
761	2026.02.05 11:42	t/p	323	0.44	1.35631	1.36133	1.35631	225.28	9441.50
762	2026.02.09 08:45	buy	324	0.49	1.36215	1.36026	1.36688	0.00	9441.50
763	2026.02.09 09:14	s/l	324	0.49	1.36026	1.36026	1.36688	-92.61	9348.89
764	2026.02.10 10:45	buy	325	0.52	1.36793	1.36614	1.37241	0.00	9348.89
765	2026.02.10 12:21	s/l	325	0.52	1.36614	1.36614	1.37241	-93.08	9255.81
766	2026.02.10 14:15	buy	326	0.51	1.36758	1.36577	1.37211	0.00	9255.81
767	2026.02.10 17:15	s/l	326	0.51	1.36577	1.36577	1.37211	-92.31	9163.50
768	2026.02.12 10:45	sell	327	0.42	1.36275	1.36493	1.35730	0.00	9163.50
769	2026.02.12 11:10	s/l	327	0.42	1.36493	1.36493	1.35730	-91.56	9071.94
770	2026.02.12 14:45	sell	328	0.45	1.36323	1.36521	1.35828	0.00	9071.94
771	2026.02.12 15:41	s/l	328	0.45	1.36521	1.36521	1.35828	-89.10	8982.84
772	2026.02.16 10:45	buy	329	0.56	1.36543	1.36383	1.36943	0.00	8982.84
773	2026.02.16 15:11	s/l	329	0.56	1.36383	1.36383	1.36943	-89.60	8893.24
774	2026.02.23 08:15	buy	330	0.49	1.35310	1.35129	1.35763	0.00	8893.24
775	2026.02.23 10:04	s/l	330	0.49	1.35129	1.35129	1.35763	-88.69	8804.55
776	2026.02.24 09:15	sell	331	0.54	1.34772	1.34933	1.34370	0.00	8804.55
777	2026.02.24 11:11	s/l	331	0.54	1.34933	1.34933	1.34370	-86.94	8717.61
778	2026.02.25 10:45	buy	332	0.58	1.35223	1.35073	1.35598	0.00	8717.61
779	2026.02.25 12:31	s/l	332	0.58	1.35073	1.35073	1.35598	-87.00	8630.61
780	2026.02.26 14:00	sell	333	0.49	1.35293	1.35466	1.34861	0.00	8630.61
781	2026.02.26 14:55	s/l	333	0.49	1.35466	1.35466	1.34861	-84.77	8545.84
782	2026.03.09 09:00	sell	334	0.35	1.33119	1.33360	1.32517	0.00	8545.84
783	2026.03.09 09:31	s/l	334	0.35	1.33360	1.33360	1.32517	-84.35	8461.49
784	2026.03.10 16:30	buy	335	0.45	1.34544	1.34356	1.35014	0.00	8461.49
785	2026.03.10 20:16	s/l	335	0.45	1.34356	1.34356	1.35014	-84.60	8376.89
786	2026.03.17 10:30	buy	336	0.44	1.33155	1.32968	1.33623	0.00	8376.89
787	2026.03.17 15:02	modify	336	0.44	1.33155	1.33165	1.33623	0.00	8376.89
788	2026.03.17 20:02	t/p	336	0.44	1.33623	1.33165	1.33623	205.92	8582.81
789	2026.03.26 11:30	sell	337	0.56	1.33457	1.33610	1.33075	0.00	8582.81
790	2026.03.26 12:16	s/l	337	0.56	1.33610	1.33610	1.33075	-85.68	8497.13
791	2026.03.30 14:45	sell	338	0.41	1.32355	1.32558	1.31848	0.00	8497.13
792	2026.03.30 16:35	modify	338	0.41	1.32355	1.32345	1.31848	0.00	8497.13
793	2026.03.30 16:52	t/p	338	0.41	1.31848	1.32345	1.31848	207.87	8705.00
794	2026.03.31 10:15	sell	339	0.54	1.31949	1.32110	1.31547	0.00	8705.00
795	2026.03.31 11:07	s/l	339	0.54	1.32110	1.32110	1.31547	-86.94	8618.06
796	2026.04.02 16:15	sell	340	0.51	1.32036	1.32203	1.31619	0.00	8618.06
797	2026.04.02 16:59	s/l	340	0.51	1.32203	1.32203	1.31619	-85.17	8532.89
