1	2023.04.04 09:30	buy	1	0.53	1.08998	1.08810	1.09468	0.00	10000.00
2	2023.04.04 10:52	modify	1	0.53	1.08998	1.09008	1.09468	0.00	10000.00
3	2023.04.04 14:59	s/l	1	0.53	1.09008	1.09008	1.09468	5.30	10005.30
4	2023.04.05 10:15	buy	2	0.58	1.09617	1.09447	1.10042	0.00	10005.30
5	2023.04.05 11:02	s/l	2	0.58	1.09447	1.09447	1.10042	-98.60	9906.70
6	2023.04.05 15:30	buy	3	0.59	1.09522	1.09356	1.09937	0.00	9906.70
7	2023.04.05 17:10	s/l	3	0.59	1.09356	1.09356	1.09937	-97.94	9808.76
8	2023.04.06 11:30	sell	4	0.54	1.08969	1.09148	1.08522	0.00	9808.76
9	2023.04.06 14:39	s/l	4	0.54	1.09148	1.09148	1.08522	-96.66	9712.10
10	2023.04.06 16:00	sell	5	0.33	1.08922	1.09210	1.08202	0.00	9712.10
11	2023.04.06 17:56	s/l	5	0.33	1.09210	1.09210	1.08202	-95.04	9617.06
12	2023.04.10 14:15	sell	6	0.75	1.09004	1.09131	1.08687	0.00	9617.06
13	2023.04.10 15:05	modify	6	0.75	1.09004	1.08994	1.08687	0.00	9617.06
14	2023.04.10 15:08	t/p	6	0.75	1.08687	1.08994	1.08687	237.75	9854.81
15	2023.04.11 10:15	buy	7	0.60	1.08954	1.08790	1.09364	0.00	9854.81
16	2023.04.11 12:32	modify	7	0.60	1.08954	1.08964	1.09364	0.00	9854.81
17	2023.04.11 20:12	s/l	7	0.60	1.08964	1.08964	1.09364	6.00	9860.81
18	2023.04.12 10:00	buy	8	0.77	1.09269	1.09141	1.09589	0.00	9860.81
19	2023.04.12 15:30	modify	8	0.77	1.09269	1.09279	1.09589	0.00	9860.81
20	2023.04.12 15:30	t/p	8	0.77	1.09589	1.09279	1.09589	246.40	10107.21
21	2023.04.13 10:15	buy	9	0.43	1.09977	1.09746	1.10555	0.00	10107.21
22	2023.04.13 15:30	modify	9	0.43	1.09977	1.09987	1.10555	0.00	10107.21
23	2023.04.13 16:02	t/p	9	0.43	1.10555	1.09987	1.10555	248.54	10355.75
24	2023.04.17 11:15	sell	10	0.62	1.09851	1.10018	1.09434	0.00	10355.75
25	2023.04.17 15:45	modify	10	0.62	1.09851	1.09841	1.09434	0.00	10355.75
26	2023.04.17 16:20	t/p	10	0.62	1.09434	1.09841	1.09434	258.54	10614.29
27	2023.04.19 10:45	sell	11	0.64	1.09581	1.09745	1.09171	0.00	10614.29
28	2023.04.19 12:32	modify	11	0.64	1.09581	1.09571	1.09171	0.00	10614.29
29	2023.04.19 16:07	s/l	11	0.64	1.09571	1.09571	1.09171	6.40	10620.69
30	2023.04.20 11:00	buy	12	0.78	1.09615	1.09480	1.09953	0.00	10620.69
31	2023.04.20 15:09	s/l	12	0.78	1.09480	1.09480	1.09953	-105.30	10515.39
32	2023.04.24 11:00	buy	13	0.66	1.09869	1.09710	1.10267	0.00	10515.39
33	2023.04.24 12:08	modify	13	0.66	1.09869	1.09879	1.10267	0.00	10515.39
34	2023.04.24 16:03	t/p	13	0.66	1.10267	1.09879	1.10267	262.68	10778.07
35	2023.04.25 09:15	buy	14	0.95	1.10545	1.10432	1.10828	0.00	10778.07
36	2023.04.25 10:01	s/l	14	0.95	1.10432	1.10432	1.10828	-107.35	10670.72
37	2023.04.27 10:45	buy	15	0.76	1.10520	1.10381	1.10868	0.00	10670.72
38	2023.04.27 12:49	s/l	15	0.76	1.10381	1.10381	1.10868	-105.64	10565.08
39	2023.05.02 09:00	sell	16	0.95	1.09837	1.09948	1.09560	0.00	10565.08
40	2023.05.02 09:57	s/l	16	0.95	1.09948	1.09948	1.09560	-105.45	10459.63
41	2023.05.02 11:00	sell	17	0.45	1.09858	1.10086	1.09288	0.00	10459.63
42	2023.05.02 12:58	modify	17	0.45	1.09858	1.09848	1.09288	0.00	10459.63
43	2023.05.02 17:35	s/l	17	0.45	1.09848	1.09848	1.09288	4.50	10464.13
44	2023.05.03 09:45	buy	18	0.66	1.10280	1.10123	1.10673	0.00	10464.13
45	2023.05.03 17:13	modify	18	0.66	1.10280	1.10290	1.10673	0.00	10464.13
46	2023.05.03 21:00	t/p	18	0.66	1.10673	1.10290	1.10673	259.38	10723.51
47	2023.05.04 14:15	buy	19	0.50	1.10684	1.10473	1.11212	0.00	10723.51
48	2023.05.04 15:17	s/l	19	0.50	1.10473	1.10473	1.11212	-105.50	10618.01
49	2023.05.08 11:00	buy	20	0.80	1.10495	1.10363	1.10825	0.00	10618.01
50	2023.05.08 11:59	s/l	20	0.80	1.10363	1.10363	1.10825	-105.60	10512.41
51	2023.05.09 10:30	sell	21	0.54	1.09831	1.10023	1.09351	0.00	10512.41
52	2023.05.09 15:54	modify	21	0.54	1.09831	1.09821	1.09351	0.00	10512.41
53	2023.05.10 10:33	s/l	21	0.54	1.09821	1.09821	1.09351	6.79	10519.20
54	2023.05.10 11:00	sell	22	0.52	1.09646	1.09845	1.09149	0.00	10519.20
55	2023.05.10 15:31	s/l	22	0.52	1.09845	1.09845	1.09149	-103.48	10415.72
56	2023.05.11 09:15	sell	23	1.00	1.09740	1.09844	1.09480	0.00	10415.72
57	2023.05.11 09:32	modify	23	1.00	1.09740	1.09730	1.09480	0.00	10415.72
58	2023.05.11 09:37	t/p	23	1.00	1.09480	1.09730	1.09480	260.00	10675.72
59	2023.05.11 16:15	sell	24	0.43	1.09255	1.09500	1.08643	0.00	10675.72
60	2023.05.12 15:11	modify	24	0.43	1.09255	1.09245	1.08643	0.00	10675.72
61	2023.05.12 17:56	t/p	24	0.43	1.08643	1.09245	1.08643	264.26	10939.98
62	2023.05.16 08:45	sell	25	1.01	1.08734	1.08842	1.08464	0.00	10939.98
63	2023.05.16 10:35	s/l	25	1.01	1.08842	1.08842	1.08464	-109.08	10830.90
64	2023.05.16 16:45	buy	26	0.67	1.08878	1.08717	1.09281	0.00	10830.90
65	2023.05.16 17:04	s/l	26	0.67	1.08717	1.08717	1.09281	-107.87	10723.03
66	2023.05.17 10:30	sell	27	0.49	1.08442	1.08658	1.07902	0.00	10723.03
67	2023.05.17 17:02	modify	27	0.49	1.08442	1.08432	1.07902	0.00	10723.03
68	2023.05.17 19:46	s/l	27	0.49	1.08432	1.08432	1.07902	4.90	10727.93
69	2023.05.18 15:45	sell	28	0.46	1.07966	1.08199	1.07384	0.00	10727.93
70	2023.05.19 04:34	modify	28	0.46	1.07966	1.07956	1.07384	0.00	10727.93
71	2023.05.19 12:35	s/l	28	0.46	1.07956	1.07956	1.07384	5.78	10733.71
72	2023.05.22 09:30	buy	29	0.67	1.08212	1.08053	1.08610	0.00	10733.71
73	2023.05.22 10:13	s/l	29	0.67	1.08053	1.08053	1.08610	-106.53	10627.18
74	2023.05.22 11:45	buy	30	0.69	1.08123	1.07971	1.08503	0.00	10627.18
75	2023.05.22 18:15	s/l	30	0.69	1.07971	1.07971	1.08503	-104.88	10522.30
76	2023.05.23 10:15	sell	31	0.59	1.07973	1.08150	1.07531	0.00	10522.30
77	2023.05.23 13:21	modify	31	0.59	1.07973	1.07963	1.07531	0.00	10522.30
78	2023.05.24 13:16	t/p	31	0.59	1.07531	1.07963	1.07531	262.29	10784.59
79	2023.05.24 16:45	sell	32	0.56	1.07770	1.07961	1.07293	0.00	10784.59
80	2023.05.25 00:03	modify	32	0.56	1.07770	1.07760	1.07293	0.00	10784.59
81	2023.05.25 09:08	t/p	32	0.56	1.07293	1.07760	1.07293	271.43	11056.02
82	2023.05.25 15:45	sell	33	0.45	1.07180	1.07424	1.06570	0.00	11056.02
83	2023.05.26 08:24	s/l	33	0.45	1.07424	1.07424	1.06570	-108.65	10947.38
84	2023.05.29 10:45	sell	34	1.04	1.07304	1.07409	1.07042	0.00	10947.38
85	2023.05.29 12:15	modify	34	1.04	1.07304	1.07294	1.07042	0.00	10947.38
86	2023.05.30 06:36	t/p	34	1.04	1.07042	1.07294	1.07042	275.15	11222.53
87	2023.06.01 08:00	sell	35	0.91	1.06815	1.06938	1.06508	0.00	11222.53
88	2023.06.01 10:43	modify	35	0.91	1.06815	1.06805	1.06508	0.00	11222.53
89	2023.06.01 11:44	s/l	35	0.91	1.06805	1.06805	1.06508	9.10	11231.63
90	2023.06.05 15:30	sell	36	0.95	1.06842	1.06959	1.06550	0.00	11231.63
91	2023.06.05 17:00	s/l	36	0.95	1.06959	1.06959	1.06550	-111.15	11120.48
92	2023.06.08 11:00	buy	37	0.77	1.07134	1.06990	1.07494	0.00	11120.48
93	2023.06.08 14:24	modify	37	0.77	1.07134	1.07144	1.07494	0.00	11120.48
94	2023.06.08 15:30	t/p	37	0.77	1.07494	1.07144	1.07494	277.20	11397.68
95	2023.06.14 11:30	buy	38	0.90	1.07966	1.07840	1.08281	0.00	11397.68
96	2023.06.14 15:22	modify	38	0.90	1.07966	1.07976	1.08281	0.00	11397.68
97	2023.06.14 15:43	t/p	38	0.90	1.08281	1.07976	1.08281	283.50	11681.18
98	2023.06.15 10:45	buy	39	0.81	1.08181	1.08038	1.08539	0.00	11681.18
99	2023.06.15 12:12	modify	39	0.81	1.08181	1.08191	1.08539	0.00	11681.18
100	2023.06.15 14:56	s/l	39	0.81	1.08191	1.08191	1.08539	8.10	11689.28
101	2023.06.19 08:45	buy	40	1.08	1.09406	1.09298	1.09676	0.00	11689.28
102	2023.06.19 09:29	s/l	40	1.08	1.09298	1.09298	1.09676	-116.64	11572.64
103	2023.06.19 11:15	buy	41	1.10	1.09337	1.09232	1.09600	0.00	11572.64
104	2023.06.19 12:32	s/l	41	1.10	1.09232	1.09232	1.09600	-115.50	11457.14
105	2023.06.20 09:00	buy	42	0.69	1.09264	1.09098	1.09679	0.00	11457.14
106	2023.06.20 16:02	s/l	42	0.69	1.09098	1.09098	1.09679	-114.54	11342.60
107	2023.06.21 16:00	buy	43	0.59	1.09252	1.09062	1.09727	0.00	11342.60
108	2023.06.21 17:35	modify	43	0.59	1.09252	1.09262	1.09727	0.00	11342.60
109	2023.06.21 19:51	t/p	43	0.59	1.09727	1.09262	1.09727	280.25	11622.85
110	2023.06.26 09:30	sell	44	1.07	1.09023	1.09131	1.08753	0.00	11622.85
111	2023.06.26 14:43	s/l	44	1.07	1.09131	1.09131	1.08753	-115.56	11507.29
112	2023.06.28 11:45	buy	45	0.75	1.09587	1.09435	1.09967	0.00	11507.29
113	2023.06.28 14:51	s/l	45	0.75	1.09435	1.09435	1.09967	-114.00	11393.29
114	2023.07.05 09:30	sell	46	0.92	1.08744	1.08867	1.08437	0.00	11393.29
115	2023.07.05 09:46	s/l	46	0.92	1.08867	1.08867	1.08437	-113.16	11280.13
116	2023.07.05 14:00	sell	47	0.81	1.08782	1.08921	1.08435	0.00	11280.13
117	2023.07.05 15:35	s/l	47	0.81	1.08921	1.08921	1.08435	-112.59	11167.54
118	2023.07.06 16:30	buy	48	0.47	1.08860	1.08626	1.09445	0.00	11167.54
119	2023.07.06 17:06	s/l	48	0.47	1.08626	1.08626	1.09445	-109.98	11057.56
120	2023.07.10 11:15	buy	49	0.84	1.09595	1.09464	1.09923	0.00	11057.56
121	2023.07.10 15:38	s/l	49	0.84	1.09464	1.09464	1.09923	-110.04	10947.52
122	2023.07.12 15:15	buy	50	0.82	1.10248	1.10116	1.10578	0.00	10947.52
123	2023.07.12 15:30	modify	50	0.82	1.10248	1.10258	1.10578	0.00	10947.52
124	2023.07.12 15:30	t/p	50	0.82	1.10578	1.10258	1.10578	270.60	11218.12
125	2023.07.13 10:15	buy	51	0.59	1.11567	1.11377	1.12042	0.00	11218.12
126	2023.07.13 10:26	s/l	51	0.59	1.11377	1.11377	1.12042	-112.10	11106.02
127	2023.07.13 11:00	buy	52	0.51	1.11556	1.11341	1.12094	0.00	11106.02
128	2023.07.13 15:30	modify	52	0.51	1.11556	1.11566	1.12094	0.00	11106.02
129	2023.07.13 20:38	t/p	52	0.51	1.12094	1.11566	1.12094	274.38	11380.40
130	2023.07.17 09:00	buy	53	0.89	1.12328	1.12201	1.12646	0.00	11380.40
131	2023.07.17 16:31	s/l	53	0.89	1.12201	1.12201	1.12646	-113.03	11267.37
132	2023.07.18 09:45	buy	54	0.82	1.12521	1.12384	1.12864	0.00	11267.37
133	2023.07.18 10:31	modify	54	0.82	1.12521	1.12531	1.12864	0.00	11267.37
134	2023.07.18 10:50	s/l	54	0.82	1.12531	1.12531	1.12864	8.20	11275.57
135	2023.07.18 15:00	buy	55	0.82	1.12536	1.12399	1.12879	0.00	11275.57
136	2023.07.18 15:32	s/l	55	0.82	1.12399	1.12399	1.12879	-112.34	11163.23
137	2023.07.19 09:15	sell	56	0.57	1.12182	1.12377	1.11695	0.00	11163.23
138	2023.07.19 12:18	s/l	56	0.57	1.12377	1.12377	1.11695	-111.15	11052.08
139	2023.07.20 10:45	sell	57	0.52	1.12018	1.12230	1.11488	0.00	11052.08
140	2023.07.20 17:09	modify	57	0.52	1.12018	1.12008	1.11488	0.00	11052.08
141	2023.07.20 17:30	t/p	57	0.52	1.11488	1.12008	1.11488	275.60	11327.68
142	2023.07.24 10:30	sell	58	0.45	1.11241	1.11490	1.10619	0.00	11327.68
143	2023.07.24 10:32	modify	58	0.45	1.11241	1.11231	1.10619	0.00	11327.68
144	2023.07.24 22:41	t/p	58	0.45	1.10619	1.11231	1.10619	279.90	11607.58
145	2023.07.25 11:00	sell	59	0.73	1.10707	1.10866	1.10310	0.00	11607.58
146	2023.07.25 12:40	modify	59	0.73	1.10707	1.10697	1.10310	0.00	11607.58
147	2023.07.25 16:13	t/p	59	0.73	1.10310	1.10697	1.10310	289.81	11897.39
148	2023.07.27 10:00	buy	60	0.92	1.11007	1.10878	1.11330	0.00	11897.39
149	2023.07.27 10:32	modify	60	0.92	1.11007	1.11017	1.11330	0.00	11897.39
150	2023.07.27 10:57	t/p	60	0.92	1.11330	1.11017	1.11330	297.16	12194.55
151	2023.07.31 16:45	buy	61	0.51	1.10363	1.10128	1.10951	0.00	12194.55
152	2023.07.31 18:16	s/l	61	0.51	1.10128	1.10128	1.10951	-119.85	12074.70
153	2023.08.01 10:15	sell	62	0.41	1.09729	1.10023	1.08994	0.00	12074.70
154	2023.08.02 00:51	s/l	62	0.41	1.10023	1.10023	1.08994	-119.49	11955.21
155	2023.08.02 09:15	sell	63	0.74	1.09833	1.09993	1.09433	0.00	11955.21
156	2023.08.02 15:40	modify	63	0.74	1.09833	1.09823	1.09433	0.00	11955.21
157	2023.08.02 17:09	t/p	63	0.74	1.09433	1.09823	1.09433	296.00	12251.21
158	2023.08.03 09:45	sell	64	0.79	1.09296	1.09450	1.08911	0.00	12251.21
159	2023.08.03 14:38	s/l	64	0.79	1.09450	1.09450	1.08911	-121.66	12129.55
160	2023.08.03 15:30	sell	65	0.52	1.09279	1.09508	1.08707	0.00	12129.55
161	2023.08.03 15:41	s/l	65	0.52	1.09508	1.09508	1.08707	-119.08	12010.47
162	2023.08.10 15:15	buy	66	1.15	1.10230	1.10126	1.10490	0.00	12010.47
163	2023.08.10 15:30	modify	66	1.15	1.10230	1.10240	1.10490	0.00	12010.47
164	2023.08.10 15:30	t/p	66	1.15	1.10490	1.10240	1.10490	299.00	12309.47
165	2023.08.10 16:45	buy	67	0.53	1.10285	1.10057	1.10855	0.00	12309.47
166	2023.08.10 20:21	s/l	67	0.53	1.10057	1.10057	1.10855	-120.84	12188.63
167	2023.08.14 09:15	sell	68	0.90	1.09290	1.09425	1.08953	0.00	12188.63
168	2023.08.14 10:09	s/l	68	0.90	1.09425	1.09425	1.08953	-121.50	12067.13
169	2023.08.14 14:15	sell	69	0.90	1.09403	1.09537	1.09068	0.00	12067.13
170	2023.08.14 15:27	modify	69	0.90	1.09403	1.09393	1.09068	0.00	12067.13
171	2023.08.14 15:44	t/p	69	0.90	1.09068	1.09393	1.09068	301.50	12368.63
172	2023.08.22 09:15	buy	70	1.03	1.09147	1.09027	1.09447	0.00	12368.63
173	2023.08.22 12:20	s/l	70	1.03	1.09027	1.09027	1.09447	-123.60	12245.03
174	2023.08.24 14:45	sell	71	1.14	1.08499	1.08606	1.08232	0.00	12245.03
175	2023.08.24 15:33	modify	71	1.14	1.08499	1.08489	1.08232	0.00	12245.03
176	2023.08.24 15:40	t/p	71	1.14	1.08232	1.08489	1.08232	304.38	12549.41
177	2023.08.28 11:00	sell	72	0.89	1.08089	1.08229	1.07739	0.00	12549.41
178	2023.08.29 01:20	s/l	72	0.89	1.08229	1.08229	1.07739	-122.32	12427.09
179	2023.08.29 10:30	buy	73	0.70	1.08241	1.08064	1.08684	0.00	12427.09
180	2023.08.29 12:07	s/l	73	0.70	1.08064	1.08064	1.08684	-123.90	12303.19
181	2023.08.30 11:45	buy	74	0.90	1.08667	1.08531	1.09007	0.00	12303.19
182	2023.08.30 12:27	modify	74	0.90	1.08667	1.08677	1.09007	0.00	12303.19
183	2023.08.30 15:15	t/p	74	0.90	1.09007	1.08677	1.09007	306.00	12609.19
184	2023.09.05 16:45	sell	75	0.74	1.07340	1.07509	1.06918	0.00	12609.19
185	2023.09.05 17:56	modify	75	0.74	1.07340	1.07330	1.06918	0.00	12609.19
186	2023.09.06 05:59	s/l	75	0.74	1.07330	1.07330	1.06918	9.30	12618.49
187	2023.09.06 09:45	sell	76	1.24	1.07315	1.07416	1.07063	0.00	12618.49
188	2023.09.06 10:15	s/l	76	1.24	1.07416	1.07416	1.07063	-125.24	12493.25
189	2023.09.11 09:45	buy	77	1.21	1.07326	1.07223	1.07584	0.00	12493.25
190	2023.09.11 14:42	s/l	77	1.21	1.07223	1.07223	1.07584	-124.63	12368.62
191	2023.09.11 16:00	buy	78	1.18	1.07277	1.07173	1.07537	0.00	12368.62
192	2023.09.11 17:03	modify	78	1.18	1.07277	1.07287	1.07537	0.00	12368.62
193	2023.09.11 17:22	t/p	78	1.18	1.07537	1.07287	1.07537	306.80	12675.42
194	2023.09.12 16:00	sell	79	0.80	1.07073	1.07231	1.06678	0.00	12675.42
195	2023.09.12 18:08	s/l	79	0.80	1.07231	1.07231	1.06678	-126.40	12549.02
196	2023.09.13 15:15	sell	80	1.13	1.07318	1.07429	1.07041	0.00	12549.02
197	2023.09.13 15:29	s/l	80	1.13	1.07429	1.07429	1.07041	-125.43	12423.59
198	2023.09.18 10:00	sell	81	0.58	1.06584	1.06798	1.06049	0.00	12423.59
199	2023.09.18 18:22	s/l	81	0.58	1.06798	1.06798	1.06049	-124.12	12299.47
200	2023.09.19 11:00	buy	82	0.57	1.06945	1.06732	1.07478	0.00	12299.47
201	2023.09.20 09:00	s/l	82	0.57	1.06732	1.06732	1.07478	-126.18	12173.29
202	2023.09.20 10:00	sell	83	0.92	1.06820	1.06951	1.06493	0.00	12173.29
203	2023.09.20 11:22	s/l	83	0.92	1.06951	1.06951	1.06493	-120.52	12052.77
204	2023.09.20 16:15	buy	84	0.62	1.07094	1.06902	1.07574	0.00	12052.77
205	2023.09.20 21:01	s/l	84	0.62	1.06902	1.06902	1.07574	-119.04	11933.73
206	2023.09.21 14:00	sell	85	0.84	1.06507	1.06648	1.06155	0.00	11933.73
207	2023.09.21 15:21	modify	85	0.84	1.06507	1.06497	1.06155	0.00	11933.73
208	2023.09.21 16:24	s/l	85	0.84	1.06497	1.06497	1.06155	8.40	11942.13
209	2023.09.25 10:30	sell	86	1.10	1.06442	1.06550	1.06172	0.00	11942.13
210	2023.09.25 11:30	modify	86	1.10	1.06442	1.06432	1.06172	0.00	11942.13
211	2023.09.25 14:18	s/l	86	1.10	1.06432	1.06432	1.06172	11.00	11953.13
212	2023.09.25 15:00	sell	87	0.79	1.06305	1.06456	1.05928	0.00	11953.13
213	2023.09.25 16:31	modify	87	0.79	1.06305	1.06295	1.05928	0.00	11953.13
214	2023.09.25 17:07	t/p	87	0.79	1.05928	1.06295	1.05928	297.83	12250.96
215	2023.09.26 09:30	sell	88	1.20	1.05806	1.05908	1.05551	0.00	12250.96
216	2023.09.26 11:03	s/l	88	1.20	1.05908	1.05908	1.05551	-122.40	12128.56
217	2023.09.26 14:15	sell	89	1.11	1.05916	1.06025	1.05644	0.00	12128.56
218	2023.09.26 14:26	s/l	89	1.11	1.06025	1.06025	1.05644	-120.99	12007.57
219	2023.09.28 09:45	sell	90	0.70	1.04938	1.05109	1.04511	0.00	12007.57
220	2023.09.28 10:10	s/l	90	0.70	1.05109	1.05109	1.04511	-119.70	11887.87
221	2023.10.03 14:00	sell	91	1.09	1.04760	1.04869	1.04488	0.00	11887.87
222	2023.10.03 17:00	modify	91	1.09	1.04760	1.04750	1.04488	0.00	11887.87
223	2023.10.03 17:12	s/l	91	1.09	1.04750	1.04750	1.04488	10.90	11898.77
224	2023.10.04 09:15	sell	92	1.09	1.04650	1.04759	1.04378	0.00	11898.77
225	2023.10.04 10:35	s/l	92	1.09	1.04759	1.04759	1.04378	-118.81	11779.96
226	2023.10.05 14:45	buy	93	0.79	1.05242	1.05093	1.05615	0.00	11779.96
227	2023.10.05 15:33	s/l	93	0.79	1.05093	1.05093	1.05615	-117.71	11662.25
228	2023.10.05 16:30	buy	94	0.44	1.05280	1.05016	1.05940	0.00	11662.25
229	2023.10.06 15:00	modify	94	0.44	1.05280	1.05290	1.05940	0.00	11662.25
230	2023.10.06 15:30	s/l	94	0.44	1.05290	1.05290	1.05940	0.72	11662.96
231	2023.10.09 15:00	sell	95	0.82	1.05283	1.05424	1.04931	0.00	11662.96
232	2023.10.09 16:00	s/l	95	0.82	1.05424	1.05424	1.04931	-115.62	11547.34
233	2023.10.10 10:45	buy	96	0.81	1.05667	1.05525	1.06022	0.00	11547.34
234	2023.10.10 11:29	modify	96	0.81	1.05667	1.05677	1.06022	0.00	11547.34
235	2023.10.10 11:46	t/p	96	0.81	1.06022	1.05677	1.06022	287.55	11834.89
236	2023.10.10 15:45	buy	97	0.79	1.05872	1.05723	1.06245	0.00	11834.89
237	2023.10.10 18:41	modify	97	0.79	1.05872	1.05882	1.06245	0.00	11834.89
238	2023.10.11 10:43	t/p	97	0.79	1.06245	1.05882	1.06245	288.05	12122.95
239	2023.10.11 11:45	buy	98	0.59	1.06118	1.05914	1.06628	0.00	12122.95
240	2023.10.11 15:30	s/l	98	0.59	1.05914	1.05914	1.06628	-120.36	12002.59
241	2023.10.12 09:45	buy	99	0.91	1.06390	1.06259	1.06718	0.00	12002.59
242	2023.10.12 10:29	s/l	99	0.91	1.06259	1.06259	1.06718	-119.21	11883.38
243	2023.10.12 15:30	buy	100	1.06	1.06251	1.06139	1.06531	0.00	11883.38
244	2023.10.12 15:30	s/l	100	1.06	1.06139	1.06139	1.06531	-118.72	11764.66
245	2023.10.16 11:15	sell	101	1.05	1.05269	1.05381	1.04989	0.00	11764.66
246	2023.10.16 11:49	s/l	101	1.05	1.05381	1.05381	1.04989	-117.60	11647.06
247	2023.10.17 11:30	sell	102	0.76	1.05405	1.05557	1.05025	0.00	11647.06
248	2023.10.17 13:00	s/l	102	0.76	1.05557	1.05557	1.05025	-115.52	11531.54
249	2023.10.17 14:15	buy	103	0.50	1.05669	1.05440	1.06242	0.00	11531.54
250	2023.10.17 15:34	s/l	103	0.50	1.05440	1.05440	1.06242	-114.50	11417.04
251	2023.10.18 11:45	buy	104	0.92	1.05834	1.05711	1.06142	0.00	11417.04
252	2023.10.18 12:50	s/l	104	0.92	1.05711	1.05711	1.06142	-113.16	11303.88
253	2023.10.18 15:15	buy	105	1.00	1.05680	1.05568	1.05960	0.00	11303.88
254	2023.10.18 15:40	s/l	105	1.00	1.05568	1.05568	1.05960	-112.00	11191.88
255	2023.10.23 14:00	buy	106	0.76	1.06044	1.05898	1.06409	0.00	11191.88
256	2023.10.23 17:20	modify	106	0.76	1.06044	1.06054	1.06409	0.00	11191.88
257	2023.10.23 18:34	t/p	106	0.76	1.06409	1.06054	1.06409	277.40	11469.28
258	2023.10.25 10:00	sell	107	0.84	1.05924	1.06059	1.05587	0.00	11469.28
259	2023.10.25 12:26	modify	107	0.84	1.05924	1.05914	1.05587	0.00	11469.28
260	2023.10.25 17:49	s/l	107	0.84	1.05914	1.05914	1.05587	8.40	11477.68
261	2023.10.31 08:30	buy	108	1.08	1.06027	1.05921	1.06292	0.00	11477.68
262	2023.10.31 09:42	modify	108	1.08	1.06027	1.06037	1.06292	0.00	11477.68
263	2023.10.31 10:18	t/p	108	1.08	1.06292	1.06037	1.06292	286.20	11763.88
264	2023.11.01 09:30	sell	109	1.02	1.05680	1.05795	1.05393	0.00	11763.88
265	2023.11.01 11:30	modify	109	1.02	1.05680	1.05670	1.05393	0.00	11763.88
266	2023.11.01 14:58	t/p	109	1.02	1.05393	1.05670	1.05393	292.74	12056.62
267	2023.11.02 10:45	buy	110	0.69	1.06065	1.05891	1.06500	0.00	12056.62
268	2023.11.02 12:41	modify	110	0.69	1.06065	1.06075	1.06500	0.00	12056.62
269	2023.11.02 14:14	t/p	110	0.69	1.06500	1.06075	1.06500	300.15	12356.77
270	2023.11.07 11:15	sell	111	0.88	1.06942	1.07082	1.06592	0.00	12356.77
271	2023.11.07 13:33	modify	111	0.88	1.06942	1.06932	1.06592	0.00	12356.77
272	2023.11.07 20:49	s/l	111	0.88	1.06932	1.06932	1.06592	8.80	12365.57
273	2023.11.08 15:00	sell	112	1.21	1.06680	1.06782	1.06425	0.00	12365.57
274	2023.11.08 16:16	s/l	112	1.21	1.06782	1.06782	1.06425	-123.42	12242.15
275	2023.11.13 11:30	buy	113	0.85	1.06979	1.06835	1.07339	0.00	12242.15
276	2023.11.13 14:02	s/l	113	0.85	1.06835	1.06835	1.07339	-122.40	12119.75
277	2023.11.14 11:15	buy	114	1.02	1.07058	1.06940	1.07353	0.00	12119.75
278	2023.11.14 12:07	modify	114	1.02	1.07058	1.07068	1.07353	0.00	12119.75
279	2023.11.14 15:30	t/p	114	1.02	1.07353	1.07068	1.07353	300.90	12420.65
280	2023.11.15 14:00	buy	115	1.15	1.08662	1.08554	1.08932	0.00	12420.65
281	2023.11.15 14:24	s/l	115	1.15	1.08554	1.08554	1.08932	-124.20	12296.45
282	2023.11.15 15:00	buy	116	1.06	1.08638	1.08522	1.08928	0.00	12296.45
283	2023.11.15 15:30	modify	116	1.06	1.08638	1.08648	1.08928	0.00	12296.45
284	2023.11.15 15:31	s/l	116	1.06	1.08648	1.08648	1.08928	10.60	12307.05
285	2023.11.16 10:30	buy	117	0.91	1.08497	1.08363	1.08832	0.00	12307.05
286	2023.11.16 15:36	modify	117	0.91	1.08497	1.08507	1.08832	0.00	12307.05
287	2023.11.16 17:05	t/p	117	0.91	1.08832	1.08507	1.08832	304.85	12611.90
288	2023.11.20 10:15	buy	118	0.75	1.09276	1.09109	1.09694	0.00	12611.90
289	2023.11.21 03:23	modify	118	0.75	1.09276	1.09286	1.09694	0.00	12611.90
290	2023.11.21 18:20	s/l	118	0.75	1.09286	1.09286	1.09694	1.22	12613.12
291	2023.11.22 10:30	sell	119	0.59	1.09005	1.09216	1.08478	0.00	12613.12
292	2023.11.22 17:00	modify	119	0.59	1.09005	1.08995	1.08478	0.00	12613.12
293	2023.11.23 04:12	s/l	119	0.59	1.08995	1.08995	1.08478	10.44	12623.56
294	2023.11.23 11:45	buy	120	0.90	1.09176	1.09036	1.09526	0.00	12623.56
295	2023.11.23 14:31	s/l	120	0.90	1.09036	1.09036	1.09526	-126.00	12497.56
296	2023.11.27 11:15	buy	121	1.11	1.09484	1.09372	1.09764	0.00	12497.56
297	2023.11.27 16:14	s/l	121	1.11	1.09372	1.09372	1.09764	-124.32	12373.24
298	2023.11.28 14:15	buy	122	1.00	1.09588	1.09465	1.09896	0.00	12373.24
299	2023.11.28 15:03	s/l	122	1.00	1.09465	1.09465	1.09896	-123.00	12250.24
300	2023.11.28 15:30	buy	123	0.73	1.09600	1.09433	1.10018	0.00	12250.24
301	2023.11.28 17:04	modify	123	0.73	1.09600	1.09610	1.10018	0.00	12250.24
302	2023.11.28 17:43	t/p	123	0.73	1.10018	1.09610	1.10018	305.14	12555.38
303	2023.11.30 09:15	sell	124	1.08	1.09721	1.09837	1.09431	0.00	12555.38
304	2023.11.30 09:43	modify	124	1.08	1.09721	1.09711	1.09431	0.00	12555.38
305	2023.11.30 09:45	t/p	124	1.08	1.09431	1.09711	1.09431	313.20	12868.58
306	2023.11.30 15:45	sell	125	0.52	1.09272	1.09515	1.08665	0.00	12868.58
307	2023.11.30 19:58	modify	125	0.52	1.09272	1.09262	1.08665	0.00	12868.58
308	2023.12.01 16:07	t/p	125	0.52	1.08665	1.09262	1.08665	316.97	13185.55
309	2023.12.04 14:00	sell	126	1.08	1.08688	1.08809	1.08386	0.00	13185.55
310	2023.12.04 16:01	modify	126	1.08	1.08688	1.08678	1.08386	0.00	13185.55
311	2023.12.04 16:09	t/p	126	1.08	1.08386	1.08678	1.08386	326.16	13511.71
312	2023.12.05 08:30	sell	127	1.09	1.08371	1.08494	1.08064	0.00	13511.71
313	2023.12.05 09:18	modify	127	1.09	1.08371	1.08361	1.08064	0.00	13511.71
314	2023.12.05 09:30	t/p	127	1.09	1.08064	1.08361	1.08064	334.63	13846.34
315	2023.12.05 16:15	sell	128	0.99	1.08219	1.08358	1.07872	0.00	13846.34
316	2023.12.05 17:00	s/l	128	0.99	1.08358	1.08358	1.07872	-137.61	13708.73
317	2023.12.06 08:15	sell	129	1.25	1.07928	1.08037	1.07656	0.00	13708.73
318	2023.12.06 10:31	modify	129	1.25	1.07928	1.07918	1.07656	0.00	13708.73
319	2023.12.06 11:03	s/l	129	1.25	1.07918	1.07918	1.07656	12.50	13721.23
320	2023.12.07 14:15	sell	130	0.93	1.07647	1.07793	1.07282	0.00	13721.23
321	2023.12.07 15:35	s/l	130	0.93	1.07793	1.07793	1.07282	-135.78	13585.45
322	2023.12.11 16:30	sell	131	0.65	1.07477	1.07686	1.06955	0.00	13585.45
323	2023.12.11 21:08	s/l	131	0.65	1.07686	1.07686	1.06955	-135.85	13449.60
324	2023.12.12 16:15	buy	132	0.47	1.07997	1.07715	1.08702	0.00	13449.60
325	2023.12.12 16:33	s/l	132	0.47	1.07715	1.07715	1.08702	-132.54	13317.06
326	2023.12.13 10:15	buy	133	1.31	1.07909	1.07808	1.08162	0.00	13317.06
327	2023.12.13 11:20	s/l	133	1.31	1.07808	1.07808	1.08162	-132.31	13184.75
328	2023.12.14 08:15	buy	134	1.16	1.09023	1.08910	1.09306	0.00	13184.75
329	2023.12.14 09:30	s/l	134	1.16	1.08910	1.08910	1.09306	-131.08	13053.67
330	2023.12.14 10:30	buy	135	0.55	1.09015	1.08780	1.09603	0.00	13053.67
331	2023.12.14 14:00	modify	135	0.55	1.09015	1.09025	1.09603	0.00	13053.67
332	2023.12.14 16:11	t/p	135	0.55	1.09603	1.09025	1.09603	323.40	13377.07
333	2023.12.19 14:15	buy	136	0.71	1.09473	1.09285	1.09943	0.00	13377.07
334	2023.12.19 16:47	modify	136	0.71	1.09473	1.09483	1.09943	0.00	13377.07
335	2023.12.20 12:32	s/l	136	0.71	1.09483	1.09483	1.09943	1.15	13378.23
336	2023.12.21 08:15	sell	137	1.04	1.09452	1.09580	1.09132	0.00	13378.23
337	2023.12.21 13:02	s/l	137	1.04	1.09580	1.09580	1.09132	-133.12	13245.11
338	2023.12.28 09:15	buy	138	0.81	1.11201	1.11038	1.11609	0.00	13245.11
339	2023.12.28 15:50	s/l	138	0.81	1.11038	1.11038	1.11609	-132.03	13113.08
340	2024.01.02 10:00	sell	139	0.53	1.10156	1.10401	1.09544	0.00	13113.08
341	2024.01.02 13:20	modify	139	0.53	1.10156	1.10146	1.09544	0.00	13113.08
342	2024.01.02 14:58	t/p	139	0.53	1.09544	1.10146	1.09544	324.36	13437.44
343	2024.01.03 08:00	sell	140	0.98	1.09510	1.09646	1.09170	0.00	13437.44
344	2024.01.03 10:11	s/l	140	0.98	1.09646	1.09646	1.09170	-133.28	13304.16
345	2024.01.03 10:30	sell	141	0.91	1.09530	1.09675	1.09168	0.00	13304.16
346	2024.01.03 12:20	modify	141	0.91	1.09530	1.09520	1.09168	0.00	13304.16
347	2024.01.03 13:42	t/p	141	0.91	1.09168	1.09520	1.09168	329.42	13633.58
348	2024.01.04 08:45	sell	142	0.96	1.09227	1.09368	1.08875	0.00	13633.58
349	2024.01.04 09:14	s/l	142	0.96	1.09368	1.09368	1.08875	-135.36	13498.22
350	2024.01.04 14:30	buy	143	1.31	1.09545	1.09442	1.09803	0.00	13498.22
351	2024.01.04 15:30	s/l	143	1.31	1.09442	1.09442	1.09803	-134.93	13363.29
352	2024.01.08 10:15	sell	144	0.73	1.09323	1.09506	1.08866	0.00	13363.29
353	2024.01.08 13:21	s/l	144	0.73	1.09506	1.09506	1.08866	-133.59	13229.70
354	2024.01.09 09:30	buy	145	0.89	1.09586	1.09438	1.09956	0.00	13229.70
355	2024.01.09 10:11	s/l	145	0.89	1.09438	1.09438	1.09956	-131.72	13097.98
356	2024.01.09 11:15	sell	146	0.85	1.09385	1.09539	1.09000	0.00	13097.98
357	2024.01.09 18:03	modify	146	0.85	1.09385	1.09375	1.09000	0.00	13097.98
358	2024.01.09 19:27	s/l	146	0.85	1.09375	1.09375	1.09000	8.50	13106.48
359	2024.01.10 10:00	sell	147	0.62	1.09263	1.09474	1.08736	0.00	13106.48
360	2024.01.10 11:09	s/l	147	0.62	1.09474	1.09474	1.08736	-130.82	12975.66
361	2024.01.10 15:15	buy	148	1.05	1.09515	1.09392	1.09823	0.00	12975.66
362	2024.01.10 16:01	s/l	148	1.05	1.09392	1.09392	1.09823	-129.15	12846.51
363	2024.01.11 08:30	buy	149	1.10	1.09839	1.09723	1.10129	0.00	12846.51
364	2024.01.11 10:06	s/l	149	1.10	1.09723	1.09723	1.10129	-127.60	12718.91
365	2024.01.11 10:30	buy	150	1.16	1.09806	1.09697	1.10079	0.00	12718.91
366	2024.01.11 11:07	s/l	150	1.16	1.09697	1.09697	1.10079	-126.44	12592.47
367	2024.01.15 10:00	sell	151	1.00	1.09538	1.09663	1.09226	0.00	12592.47
368	2024.01.15 12:16	modify	151	1.00	1.09538	1.09528	1.09226	0.00	12592.47
369	2024.01.15 14:10	s/l	151	1.00	1.09528	1.09528	1.09226	10.00	12602.47
370	2024.01.15 15:15	sell	152	0.82	1.09459	1.09612	1.09077	0.00	12602.47
371	2024.01.16 02:55	modify	152	0.82	1.09459	1.09449	1.09077	0.00	12602.47
372	2024.01.16 10:32	t/p	152	0.82	1.09077	1.09449	1.09077	315.34	12917.81
373	2024.01.16 16:00	sell	153	0.50	1.08743	1.09001	1.08098	0.00	12917.81
374	2024.01.18 03:12	s/l	153	0.50	1.09001	1.09001	1.08098	-123.87	12793.95
375	2024.01.18 08:15	buy	154	0.94	1.09016	1.08880	1.09356	0.00	12793.95
376	2024.01.18 09:57	s/l	154	0.94	1.08880	1.08880	1.09356	-127.84	12666.11
377	2024.01.18 11:30	buy	155	0.64	1.08942	1.08747	1.09430	0.00	12666.11
378	2024.01.18 14:58	s/l	155	0.64	1.08747	1.08747	1.09430	-124.80	12541.31
379	2024.01.22 08:30	buy	156	1.00	1.09084	1.08959	1.09397	0.00	12541.31
380	2024.01.22 10:03	s/l	156	1.00	1.08959	1.08959	1.09397	-125.00	12416.31
381	2024.01.22 14:15	buy	157	0.91	1.08949	1.08813	1.09289	0.00	12416.31
382	2024.01.22 15:33	s/l	157	0.91	1.08813	1.08813	1.09289	-123.76	12292.55
383	2024.01.24 11:15	buy	158	0.51	1.08847	1.08606	1.09450	0.00	12292.55
384	2024.01.24 15:50	modify	158	0.51	1.08847	1.08857	1.09450	0.00	12292.55
385	2024.01.24 21:19	s/l	158	0.51	1.08857	1.08857	1.09450	5.10	12297.65
386	2024.01.25 14:00	buy	159	1.17	1.08951	1.08846	1.09214	0.00	12297.65
387	2024.01.25 15:24	s/l	159	1.17	1.08846	1.08846	1.09214	-122.85	12174.80
388	2024.01.29 10:00	sell	160	0.81	1.08372	1.08522	1.07997	0.00	12174.80
389	2024.01.29 12:34	modify	160	0.81	1.08372	1.08362	1.07997	0.00	12174.80
390	2024.01.29 14:42	s/l	160	0.81	1.08362	1.08362	1.07997	8.10	12182.90
391	2024.01.29 15:00	sell	161	0.73	1.08223	1.08389	1.07808	0.00	12182.90
392	2024.01.29 17:48	modify	161	0.73	1.08223	1.08213	1.07808	0.00	12182.90
393	2024.01.29 22:00	s/l	161	0.73	1.08213	1.08213	1.07808	7.30	12190.20
394	2024.01.30 10:30	sell	162	0.84	1.08198	1.08343	1.07836	0.00	12190.20
395	2024.01.30 12:33	s/l	162	0.84	1.08343	1.08343	1.07836	-121.80	12068.40
396	2024.02.05 09:15	sell	163	1.02	1.07749	1.07867	1.07454	0.00	12068.40
397	2024.02.05 11:53	modify	163	1.02	1.07749	1.07739	1.07454	0.00	12068.40
398	2024.02.05 15:08	t/p	163	1.02	1.07454	1.07739	1.07454	300.90	12369.30
399	2024.02.06 10:45	sell	164	1.18	1.07517	1.07621	1.07257	0.00	12369.30
400	2024.02.06 11:47	modify	164	1.18	1.07517	1.07507	1.07257	0.00	12369.30
401	2024.02.06 11:57	t/p	164	1.18	1.07257	1.07507	1.07257	306.80	12676.10
402	2024.02.06 14:15	sell	165	1.21	1.07346	1.07450	1.07086	0.00	12676.10
403	2024.02.06 17:13	s/l	165	1.21	1.07450	1.07450	1.07086	-125.84	12550.26
404	2024.02.07 09:15	buy	166	0.87	1.07690	1.07546	1.08050	0.00	12550.26
405	2024.02.08 14:31	s/l	166	0.87	1.07546	1.07546	1.08050	-147.14	12403.12
406	2024.02.13 10:30	sell	167	1.05	1.07650	1.07768	1.07355	0.00	12403.12
407	2024.02.13 13:05	s/l	167	1.05	1.07768	1.07768	1.07355	-123.90	12279.22
408	2024.02.14 09:30	sell	168	0.90	1.07072	1.07207	1.06735	0.00	12279.22
409	2024.02.14 16:41	s/l	168	0.90	1.07207	1.07207	1.06735	-121.50	12157.72
410	2024.02.21 15:15	buy	169	0.77	1.08098	1.07942	1.08488	0.00	12157.72
411	2024.02.22 07:17	modify	169	0.77	1.08098	1.08108	1.08488	0.00	12157.72
412	2024.02.22 09:18	t/p	169	0.77	1.08488	1.08108	1.08488	280.96	12438.68
413	2024.02.22 14:00	buy	170	0.92	1.08573	1.08438	1.08911	0.00	12438.68
414	2024.02.22 14:42	s/l	170	0.92	1.08438	1.08438	1.08911	-124.20	12314.48
415	2024.02.29 16:15	buy	171	0.63	1.08463	1.08268	1.08951	0.00	12314.48
416	2024.02.29 17:52	s/l	171	0.63	1.08268	1.08268	1.08951	-122.85	12191.63
417	2024.03.04 10:00	buy	172	1.11	1.08539	1.08430	1.08812	0.00	12191.63
418	2024.03.04 10:25	s/l	172	1.11	1.08430	1.08430	1.08812	-120.99	12070.64
419	2024.03.05 16:15	buy	173	1.07	1.08511	1.08399	1.08791	0.00	12070.64
420	2024.03.05 17:00	modify	173	1.07	1.08511	1.08521	1.08791	0.00	12070.64
421	2024.03.05 20:50	s/l	173	1.07	1.08521	1.08521	1.08791	10.70	12081.34
422	2024.03.07 11:00	buy	174	1.11	1.08979	1.08871	1.09249	0.00	12081.34
423	2024.03.07 15:15	s/l	174	1.11	1.08871	1.08871	1.09249	-119.88	11961.46
424	2024.03.12 11:45	buy	175	1.10	1.09317	1.09209	1.09587	0.00	11961.46
425	2024.03.12 14:30	s/l	175	1.10	1.09209	1.09209	1.09587	-118.80	11842.66
426	2024.03.12 15:00	sell	176	0.46	1.09200	1.09456	1.08560	0.00	11842.66
427	2024.03.13 13:51	s/l	176	0.46	1.09456	1.09456	1.08560	-116.58	11726.08
428	2024.03.13 16:45	buy	177	0.85	1.09431	1.09294	1.09774	0.00	11726.08
429	2024.03.13 19:13	modify	177	0.85	1.09431	1.09441	1.09774	0.00	11726.08
430	2024.03.13 23:00	s/l	177	0.85	1.09441	1.09441	1.09774	8.50	11734.58
431	2024.03.14 15:00	sell	178	0.69	1.09298	1.09467	1.08876	0.00	11734.58
432	2024.03.14 16:20	modify	178	0.69	1.09298	1.09288	1.08876	0.00	11734.58
433	2024.03.14 17:17	t/p	178	0.69	1.08876	1.09288	1.08876	291.18	12025.76
434	2024.03.25 10:00	sell	179	1.10	1.08139	1.08248	1.07867	0.00	12025.76
435	2024.03.25 13:35	s/l	179	1.10	1.08248	1.08248	1.07867	-119.90	11905.86
436	2024.03.26 15:15	buy	180	1.07	1.08577	1.08466	1.08855	0.00	11905.86
437	2024.03.26 16:19	s/l	180	1.07	1.08466	1.08466	1.08855	-118.77	11787.09
438	2024.03.27 14:00	sell	181	0.73	1.08209	1.08370	1.07807	0.00	11787.09
439	2024.03.28 10:03	modify	181	0.73	1.08209	1.08199	1.07807	0.00	11787.09
440	2024.03.28 11:15	t/p	181	0.73	1.07807	1.08199	1.07807	299.08	12086.17
441	2024.03.28 14:00	sell	182	0.93	1.07839	1.07968	1.07517	0.00	12086.17
442	2024.03.28 14:54	s/l	182	0.93	1.07968	1.07968	1.07517	-119.97	11966.20
443	2024.04.01 15:15	sell	183	1.18	1.07795	1.07896	1.07543	0.00	11966.20
444	2024.04.01 17:00	modify	183	1.18	1.07795	1.07785	1.07543	0.00	11966.20
445	2024.04.01 17:02	t/p	183	1.18	1.07543	1.07785	1.07543	297.36	12263.56
446	2024.04.02 11:30	sell	184	0.71	1.07277	1.07448	1.06850	0.00	12263.56
447	2024.04.02 13:58	s/l	184	0.71	1.07448	1.07448	1.06850	-121.41	12142.15
448	2024.04.03 14:15	buy	185	0.77	1.07841	1.07684	1.08234	0.00	12142.15
449	2024.04.03 17:00	modify	185	0.77	1.07841	1.07851	1.08234	0.00	12142.15
450	2024.04.03 17:56	t/p	185	0.77	1.08234	1.07851	1.08234	302.61	12444.76
451	2024.04.04 15:45	buy	186	0.95	1.08616	1.08486	1.08941	0.00	12444.76
452	2024.04.04 21:40	s/l	186	0.95	1.08486	1.08486	1.08941	-123.50	12321.26
453	2024.04.08 16:00	buy	187	1.00	1.08346	1.08224	1.08651	0.00	12321.26
454	2024.04.08 16:57	modify	187	1.00	1.08346	1.08356	1.08651	0.00	12321.26
455	2024.04.09 12:42	t/p	187	1.00	1.08651	1.08356	1.08651	296.63	12617.88
456	2024.04.09 15:15	buy	188	1.19	1.08679	1.08573	1.08944	0.00	12617.88
457	2024.04.09 15:52	modify	188	1.19	1.08679	1.08689	1.08944	0.00	12617.88
458	2024.04.09 17:28	s/l	188	1.19	1.08689	1.08689	1.08944	11.90	12629.78
459	2024.04.15 16:30	sell	189	0.73	1.06454	1.06627	1.06022	0.00	12629.78
460	2024.04.16 00:01	modify	189	0.73	1.06454	1.06444	1.06022	0.00	12629.78
461	2024.04.16 14:52	s/l	189	0.73	1.06444	1.06444	1.06022	9.17	12638.95
462	2024.04.17 11:00	sell	190	1.14	1.06252	1.06362	1.05977	0.00	12638.95
463	2024.04.17 11:19	s/l	190	1.14	1.06362	1.06362	1.05977	-125.40	12513.55
464	2024.04.17 16:15	buy	191	0.80	1.06450	1.06294	1.06840	0.00	12513.55
465	2024.04.17 20:58	modify	191	0.80	1.06450	1.06460	1.06840	0.00	12513.55
466	2024.04.18 09:04	t/p	191	0.80	1.06840	1.06460	1.06840	291.90	12805.46
467	2024.04.23 10:30	buy	192	0.49	1.06667	1.06410	1.07310	0.00	12805.46
468	2024.04.23 16:55	modify	192	0.49	1.06667	1.06677	1.07310	0.00	12805.46
469	2024.04.25 15:30	t/p	192	0.49	1.07310	1.06677	1.07310	298.66	13104.11
470	2024.04.29 15:15	buy	193	1.21	1.07208	1.07100	1.07478	0.00	13104.11
471	2024.04.29 15:52	s/l	193	1.21	1.07100	1.07100	1.07478	-130.68	12973.43
472	2024.04.30 11:15	sell	194	0.95	1.06975	1.07111	1.06635	0.00	12973.43
473	2024.04.30 11:58	s/l	194	0.95	1.07111	1.07111	1.06635	-129.20	12844.23
474	2024.05.02 09:15	buy	195	1.06	1.07223	1.07102	1.07526	0.00	12844.23
475	2024.05.02 11:14	s/l	195	1.06	1.07102	1.07102	1.07526	-128.26	12715.97
476	2024.05.06 11:15	buy	196	0.90	1.07697	1.07557	1.08047	0.00	12715.97
477	2024.05.06 15:51	modify	196	0.90	1.07697	1.07707	1.08047	0.00	12715.97
478	2024.05.06 22:14	s/l	196	0.90	1.07707	1.07707	1.08047	9.00	12724.97
479	2024.05.07 15:30	buy	197	1.05	1.07727	1.07606	1.08030	0.00	12724.97
480	2024.05.07 20:12	s/l	197	1.05	1.07606	1.07606	1.08030	-127.05	12597.92
481	2024.05.22 11:30	sell	198	0.91	1.08469	1.08607	1.08124	0.00	12597.92
482	2024.05.22 14:45	modify	198	0.91	1.08469	1.08459	1.08124	0.00	12597.92
483	2024.05.22 20:06	s/l	198	0.91	1.08459	1.08459	1.08124	9.10	12607.02
484	2024.05.29 11:15	sell	199	0.59	1.08370	1.08582	1.07840	0.00	12607.02
485	2024.05.29 15:08	s/l	199	0.59	1.08582	1.08582	1.07840	-125.08	12481.94
486	2024.05.29 16:00	sell	200	0.94	1.08466	1.08598	1.08136	0.00	12481.94
487	2024.05.29 17:21	modify	200	0.94	1.08466	1.08456	1.08136	0.00	12481.94
488	2024.05.29 17:55	t/p	200	0.94	1.08136	1.08456	1.08136	310.20	12792.14
489	2024.06.06 15:30	buy	201	0.42	1.08900	1.08602	1.09645	0.00	12792.14
490	2024.06.07 15:30	s/l	201	0.42	1.08602	1.08602	1.09645	-128.68	12663.47
491	2024.06.10 16:00	sell	202	0.60	1.07414	1.07624	1.06889	0.00	12663.47
492	2024.06.10 21:52	s/l	202	0.60	1.07624	1.07624	1.06889	-126.00	12537.47
493	2024.06.13 10:15	buy	203	1.18	1.08094	1.07988	1.08359	0.00	12537.47
494	2024.06.13 13:53	s/l	203	1.18	1.07988	1.07988	1.08359	-125.08	12412.39
495	2024.06.17 10:45	sell	204	0.84	1.06960	1.07107	1.06593	0.00	12412.39
496	2024.06.17 11:10	s/l	204	0.84	1.07107	1.07107	1.06593	-123.48	12288.91
497	2024.06.20 15:00	sell	205	0.66	1.07148	1.07334	1.06683	0.00	12288.91
498	2024.06.21 10:30	modify	205	0.66	1.07148	1.07138	1.06683	0.00	12288.91
499	2024.06.24 10:40	s/l	205	0.66	1.07138	1.07138	1.06683	9.99	12298.89
500	2024.06.27 15:00	sell	206	1.01	1.06927	1.07048	1.06625	0.00	12298.89
501	2024.06.27 15:30	s/l	206	1.01	1.07048	1.07048	1.06625	-122.21	12176.68
502	2024.07.01 11:30	buy	207	0.82	1.07623	1.07476	1.07991	0.00	12176.68
503	2024.07.01 13:45	s/l	207	0.82	1.07476	1.07476	1.07991	-120.54	12056.14
504	2024.07.03 10:00	buy	208	0.98	1.07471	1.07348	1.07779	0.00	12056.14
505	2024.07.03 15:19	modify	208	0.98	1.07471	1.07481	1.07779	0.00	12056.14
506	2024.07.03 15:43	t/p	208	0.98	1.07779	1.07481	1.07779	301.84	12357.98
507	2024.07.08 09:45	buy	209	0.77	1.08286	1.08126	1.08686	0.00	12357.98
508	2024.07.09 14:39	s/l	209	0.77	1.08126	1.08126	1.08686	-129.65	12228.34
509	2024.07.15 16:15	buy	210	1.02	1.09118	1.08999	1.09416	0.00	12228.34
510	2024.07.15 20:01	s/l	210	1.02	1.08999	1.08999	1.09416	-121.38	12106.96
511	2024.07.17 10:15	buy	211	1.00	1.09050	1.08930	1.09350	0.00	12106.96
512	2024.07.17 11:38	modify	211	1.00	1.09050	1.09060	1.09350	0.00	12106.96
513	2024.07.17 11:49	t/p	211	1.00	1.09350	1.09060	1.09350	300.00	12406.96
514	2024.07.22 10:00	sell	212	1.08	1.08809	1.08923	1.08524	0.00	12406.96
515	2024.07.22 11:35	s/l	212	1.08	1.08923	1.08923	1.08524	-123.12	12283.84
516	2024.07.22 15:45	sell	213	1.14	1.08800	1.08907	1.08533	0.00	12283.84
517	2024.07.22 20:12	s/l	213	1.14	1.08907	1.08907	1.08533	-121.98	12161.86
518	2024.07.25 09:45	sell	214	0.98	1.08347	1.08470	1.08040	0.00	12161.86
519	2024.07.25 10:53	s/l	214	0.98	1.08470	1.08470	1.08040	-120.54	12041.32
520	2024.07.25 16:30	sell	215	0.72	1.08402	1.08567	1.07990	0.00	12041.32
521	2024.07.25 17:50	s/l	215	0.72	1.08567	1.08567	1.07990	-118.80	11922.52
522	2024.07.31 10:15	sell	216	1.02	1.08158	1.08274	1.07868	0.00	11922.52
523	2024.07.31 11:56	s/l	216	1.02	1.08274	1.08274	1.07868	-118.32	11804.20
524	2024.07.31 15:30	buy	217	0.67	1.08404	1.08230	1.08839	0.00	11804.20
525	2024.07.31 17:47	s/l	217	0.67	1.08230	1.08230	1.08839	-116.58	11687.62
526	2024.08.01 16:15	sell	218	0.55	1.07890	1.08102	1.07360	0.00	11687.62
527	2024.08.01 17:00	s/l	218	0.55	1.08102	1.08102	1.07360	-116.60	11571.02
528	2024.08.05 15:00	buy	219	0.56	1.09631	1.09426	1.10144	0.00	11571.02
529	2024.08.05 15:47	modify	219	0.56	1.09631	1.09641	1.10144	0.00	11571.02
530	2024.08.05 17:00	s/l	219	0.56	1.09641	1.09641	1.10144	5.60	11576.62
531	2024.08.07 15:30	sell	220	0.81	1.09144	1.09286	1.08789	0.00	11576.62
532	2024.08.07 17:40	s/l	220	0.81	1.09286	1.09286	1.08789	-115.02	11461.60
533	2024.08.08 09:15	buy	221	0.91	1.09403	1.09278	1.09716	0.00	11461.60
534	2024.08.08 12:49	s/l	221	0.91	1.09278	1.09278	1.09716	-113.75	11347.85
535	2024.08.12 16:45	buy	222	0.88	1.09306	1.09178	1.09626	0.00	11347.85
536	2024.08.12 17:06	s/l	222	0.88	1.09178	1.09178	1.09626	-112.64	11235.21
537	2024.08.13 15:45	buy	223	0.68	1.09398	1.09234	1.09808	0.00	11235.21
538	2024.08.13 19:40	modify	223	0.68	1.09398	1.09408	1.09808	0.00	11235.21
539	2024.08.13 21:03	t/p	223	0.68	1.09808	1.09408	1.09808	278.80	11514.01
540	2024.08.14 10:00	buy	224	0.85	1.09999	1.09864	1.10337	0.00	11514.01
541	2024.08.14 12:03	modify	224	0.85	1.09999	1.10009	1.10337	0.00	11514.01
542	2024.08.14 15:30	t/p	224	0.85	1.10337	1.10009	1.10337	287.30	11801.31
543	2024.08.19 15:00	buy	225	0.96	1.10427	1.10305	1.10732	0.00	11801.31
544	2024.08.19 16:09	s/l	225	0.96	1.10305	1.10305	1.10732	-117.12	11684.19
545	2024.08.20 11:00	buy	226	0.67	1.10869	1.10697	1.11299	0.00	11684.19
546	2024.08.20 17:35	modify	226	0.67	1.10869	1.10879	1.11299	0.00	11684.19
547	2024.08.20 23:55	t/p	226	0.67	1.11299	1.10879	1.11299	288.10	11972.29
548	2024.08.21 10:15	buy	227	1.03	1.11228	1.11112	1.11518	0.00	11972.29
549	2024.08.21 10:48	s/l	227	1.03	1.11112	1.11112	1.11518	-119.48	11852.81
550	2024.08.21 15:15	buy	228	1.03	1.11194	1.11080	1.11479	0.00	11852.81
551	2024.08.21 17:00	s/l	228	1.03	1.11080	1.11080	1.11479	-117.42	11735.39
552	2024.08.22 09:30	buy	229	1.13	1.11488	1.11385	1.11746	0.00	11735.39
553	2024.08.22 10:15	modify	229	1.13	1.11488	1.11498	1.11746	0.00	11735.39
554	2024.08.22 10:23	s/l	229	1.13	1.11498	1.11498	1.11746	11.30	11746.69
555	2024.08.22 11:15	buy	230	0.57	1.11458	1.11253	1.11971	0.00	11746.69
556	2024.08.22 16:45	s/l	230	0.57	1.11253	1.11253	1.11971	-116.85	11629.84
557	2024.08.26 09:45	buy	231	0.98	1.11888	1.11770	1.12183	0.00	11629.84
558	2024.08.26 10:26	s/l	231	0.98	1.11770	1.11770	1.12183	-115.64	11514.20
559	2024.08.28 11:30	sell	232	0.66	1.11438	1.11610	1.11008	0.00	11514.20
560	2024.08.28 14:57	modify	232	0.66	1.11438	1.11428	1.11008	0.00	11514.20
561	2024.08.29 11:04	t/p	232	0.66	1.11008	1.11428	1.11008	288.88	11803.08
562	2024.09.02 15:00	sell	233	1.09	1.10595	1.10703	1.10325	0.00	11803.08
563	2024.09.02 15:49	s/l	233	1.09	1.10703	1.10703	1.10325	-117.72	11685.36
564	2024.09.03 11:00	sell	234	0.85	1.10559	1.10696	1.10217	0.00	11685.36
565	2024.09.03 12:10	modify	234	0.85	1.10559	1.10549	1.10217	0.00	11685.36
566	2024.09.03 16:03	s/l	234	0.85	1.10549	1.10549	1.10217	8.50	11693.86
567	2024.09.05 15:15	buy	235	1.09	1.11016	1.10909	1.11284	0.00	11693.86
568	2024.09.05 15:20	modify	235	1.09	1.11016	1.11026	1.11284	0.00	11693.86
569	2024.09.05 15:39	s/l	235	1.09	1.11026	1.11026	1.11284	10.90	11704.76
570	2024.09.05 16:30	buy	236	0.54	1.11063	1.10850	1.11596	0.00	11704.76
571	2024.09.05 17:03	s/l	236	0.54	1.10850	1.10850	1.11596	-115.02	11589.74
572	2024.09.09 16:00	sell	237	1.02	1.10395	1.10508	1.10113	0.00	11589.74
573	2024.09.09 16:15	s/l	237	1.02	1.10508	1.10508	1.10113	-115.26	11474.48
574	2024.09.10 11:00	sell	238	1.13	1.10369	1.10470	1.10117	0.00	11474.48
575	2024.09.10 16:52	modify	238	1.13	1.10369	1.10359	1.10117	0.00	11474.48
576	2024.09.11 04:35	s/l	238	1.13	1.10359	1.10359	1.10117	14.20	11488.68
577	2024.09.11 10:30	buy	239	1.03	1.10497	1.10386	1.10775	0.00	11488.68
578	2024.09.11 11:00	s/l	239	1.03	1.10386	1.10386	1.10775	-114.33	11374.35
579	2024.09.12 11:00	sell	240	1.12	1.10076	1.10177	1.09824	0.00	11374.35
580	2024.09.12 11:29	s/l	240	1.12	1.10177	1.10177	1.09824	-113.12	11261.23
581	2024.09.12 15:00	sell	241	0.96	1.10135	1.10252	1.09843	0.00	11261.23
582	2024.09.12 15:16	s/l	241	0.96	1.10252	1.10252	1.09843	-112.32	11148.91
583	2024.09.17 10:45	buy	242	0.50	1.11358	1.11136	1.11913	0.00	11148.91
584	2024.09.17 16:57	s/l	242	0.50	1.11136	1.11136	1.11913	-111.00	11037.91
585	2024.09.18 16:15	buy	243	0.66	1.11323	1.11158	1.11736	0.00	11037.91
586	2024.09.18 17:29	s/l	243	0.66	1.11158	1.11158	1.11736	-108.90	10929.01
587	2024.09.23 15:15	sell	244	0.82	1.11142	1.11275	1.10810	0.00	10929.01
588	2024.09.23 16:06	s/l	244	0.82	1.11275	1.11275	1.10810	-109.06	10819.95
589	2024.09.24 09:15	sell	245	0.91	1.11092	1.11210	1.10797	0.00	10819.95
590	2024.09.24 10:13	s/l	245	0.91	1.11210	1.11210	1.10797	-107.38	10712.57
591	2024.09.24 15:15	buy	246	0.61	1.11373	1.11200	1.11806	0.00	10712.57
592	2024.09.24 17:28	modify	246	0.61	1.11373	1.11383	1.11806	0.00	10712.57
593	2024.09.24 23:56	t/p	246	0.61	1.11806	1.11383	1.11806	264.13	10976.70
594	2024.09.25 15:00	buy	247	0.73	1.11960	1.11811	1.12333	0.00	10976.70
595	2024.09.25 17:16	s/l	247	0.73	1.11811	1.11811	1.12333	-108.77	10867.93
596	2024.09.26 11:00	sell	248	0.42	1.11344	1.11598	1.10709	0.00	10867.93
597	2024.09.26 14:10	s/l	248	0.42	1.11598	1.11598	1.10709	-106.68	10761.25
598	2024.09.26 16:15	sell	249	0.46	1.11409	1.11640	1.10832	0.00	10761.25
599	2024.09.26 17:43	s/l	249	0.46	1.11640	1.11640	1.10832	-106.26	10654.99
600	2024.09.30 09:15	sell	250	0.92	1.11597	1.11712	1.11310	0.00	10654.99
601	2024.09.30 10:48	s/l	250	0.92	1.11712	1.11712	1.11310	-105.80	10549.19
602	2024.09.30 11:00	buy	251	0.59	1.11749	1.11572	1.12192	0.00	10549.19
603	2024.09.30 11:55	modify	251	0.59	1.11749	1.11759	1.12192	0.00	10549.19
604	2024.09.30 16:05	s/l	251	0.59	1.11759	1.11759	1.12192	5.90	10555.09
605	2024.10.01 09:15	sell	252	0.73	1.11316	1.11459	1.10959	0.00	10555.09
606	2024.10.01 11:02	modify	252	0.73	1.11316	1.11306	1.10959	0.00	10555.09
607	2024.10.01 12:42	t/p	252	0.73	1.10959	1.11306	1.10959	260.61	10815.70
608	2024.10.02 14:00	sell	253	0.98	1.10670	1.10780	1.10395	0.00	10815.70
609	2024.10.02 16:32	modify	253	0.98	1.10670	1.10660	1.10395	0.00	10815.70
610	2024.10.02 17:36	t/p	253	0.98	1.10395	1.10660	1.10395	269.50	11085.20
611	2024.10.03 10:45	sell	254	0.91	1.10297	1.10418	1.09995	0.00	11085.20
612	2024.10.03 11:22	s/l	254	0.91	1.10418	1.10418	1.09995	-110.11	10975.09
613	2024.10.09 14:45	sell	255	1.08	1.09586	1.09687	1.09334	0.00	10975.09
614	2024.10.09 17:45	modify	255	1.08	1.09586	1.09576	1.09334	0.00	10975.09
615	2024.10.10 10:25	t/p	255	1.08	1.09334	1.09576	1.09334	280.47	11255.56
616	2024.10.15 10:15	sell	256	1.01	1.08864	1.08975	1.08587	0.00	11255.56
617	2024.10.15 10:58	s/l	256	1.01	1.08975	1.08975	1.08587	-112.11	11143.45
618	2024.10.16 15:45	sell	257	0.86	1.08904	1.09033	1.08582	0.00	11143.45
619	2024.10.16 18:43	modify	257	0.86	1.08904	1.08894	1.08582	0.00	11143.45
620	2024.10.16 21:27	t/p	257	0.86	1.08582	1.08894	1.08582	276.92	11420.37
621	2024.10.24 10:30	sell	258	0.65	1.07727	1.07901	1.07292	0.00	11420.37
622	2024.10.24 10:30	s/l	258	0.65	1.07901	1.07901	1.07292	-113.10	11307.27
623	2024.10.24 15:15	buy	259	1.00	1.08011	1.07899	1.08291	0.00	11307.27
624	2024.10.24 15:30	s/l	259	1.00	1.07899	1.07899	1.08291	-112.00	11195.27
625	2024.10.28 16:30	buy	260	0.96	1.08236	1.08120	1.08526	0.00	11195.27
626	2024.10.28 20:00	s/l	260	0.96	1.08120	1.08120	1.08526	-111.36	11083.91
627	2024.10.30 15:45	buy	261	0.51	1.08308	1.08093	1.08846	0.00	11083.91
628	2024.10.30 17:44	modify	261	0.51	1.08308	1.08318	1.08846	0.00	11083.91
629	2024.10.31 14:41	t/p	261	0.51	1.08846	1.08318	1.08846	261.57	11345.48
630	2024.10.31 16:30	buy	262	0.51	1.08715	1.08495	1.09265	0.00	11345.48
631	2024.10.31 17:51	s/l	262	0.51	1.08495	1.08495	1.09265	-112.20	11233.28
632	2024.11.04 10:15	buy	263	0.84	1.08993	1.08860	1.09326	0.00	11233.28
633	2024.11.04 18:25	s/l	263	0.84	1.08860	1.08860	1.09326	-111.72	11121.56
634	2024.11.05 16:15	buy	264	0.69	1.09036	1.08875	1.09439	0.00	11121.56
635	2024.11.05 19:40	modify	264	0.69	1.09036	1.09046	1.09439	0.00	11121.56
636	2024.11.06 02:13	s/l	264	0.69	1.09046	1.09046	1.09439	1.12	11122.68
637	2024.11.06 11:30	sell	265	0.40	1.07559	1.07832	1.06877	0.00	11122.68
638	2024.11.06 13:23	modify	265	0.40	1.07559	1.07549	1.06877	0.00	11122.68
639	2024.11.06 14:32	t/p	265	0.40	1.06877	1.07549	1.06877	272.80	11395.48
640	2024.11.11 09:30	sell	266	0.70	1.07078	1.07239	1.06676	0.00	11395.48
641	2024.11.11 10:21	modify	266	0.70	1.07078	1.07068	1.06676	0.00	11395.48
642	2024.11.11 13:03	t/p	266	0.70	1.06676	1.07068	1.06676	281.40	11676.88
643	2024.11.12 16:30	sell	267	1.02	1.06165	1.06279	1.05880	0.00	11676.88
644	2024.11.12 18:40	modify	267	1.02	1.06165	1.06155	1.05880	0.00	11676.88
645	2024.11.12 20:41	s/l	267	1.02	1.06155	1.06155	1.05880	10.20	11687.08
646	2024.11.13 16:30	sell	268	0.56	1.06206	1.06413	1.05689	0.00	11687.08
647	2024.11.13 16:52	modify	268	0.56	1.06206	1.06196	1.05689	0.00	11687.08
648	2024.11.13 17:06	t/p	268	0.56	1.05689	1.06196	1.05689	289.52	11976.60
649	2024.11.14 09:00	sell	269	1.17	1.05449	1.05551	1.05194	0.00	11976.60
650	2024.11.14 10:03	s/l	269	1.17	1.05551	1.05551	1.05194	-119.34	11857.26
651	2024.11.14 11:00	sell	270	0.62	1.05361	1.05552	1.04884	0.00	11857.26
652	2024.11.14 12:27	modify	270	0.62	1.05361	1.05351	1.04884	0.00	11857.26
653	2024.11.14 14:38	s/l	270	0.62	1.05351	1.05351	1.04884	6.20	11863.46
654	2024.11.18 15:30	buy	271	0.66	1.05572	1.05393	1.06020	0.00	11863.46
655	2024.11.18 18:58	modify	271	0.66	1.05572	1.05582	1.06020	0.00	11863.46
656	2024.11.18 21:06	t/p	271	0.66	1.06020	1.05582	1.06020	295.68	12159.14
657	2024.11.19 08:45	buy	272	0.97	1.05937	1.05812	1.06250	0.00	12159.14
658	2024.11.19 09:09	s/l	272	0.97	1.05812	1.05812	1.06250	-121.25	12037.89
659	2024.11.20 15:00	sell	273	1.07	1.05585	1.05697	1.05305	0.00	12037.89
660	2024.11.20 16:20	modify	273	1.07	1.05585	1.05575	1.05305	0.00	12037.89
661	2024.11.20 16:21	t/p	273	1.07	1.05305	1.05575	1.05305	299.60	12337.49
662	2024.11.21 15:30	sell	274	0.59	1.05171	1.05377	1.04656	0.00	12337.49
663	2024.11.21 15:38	s/l	274	0.59	1.05377	1.05377	1.04656	-121.54	12215.95
664	2024.11.21 16:15	sell	275	0.74	1.05245	1.05410	1.04833	0.00	12215.95
665	2024.11.21 17:08	s/l	275	0.74	1.05410	1.05410	1.04833	-122.10	12093.85
666	2024.11.25 08:30	buy	276	0.85	1.04872	1.04730	1.05227	0.00	12093.85
667	2024.11.25 09:16	s/l	276	0.85	1.04730	1.04730	1.05227	-120.70	11973.15
668	2024.11.25 14:45	buy	277	1.08	1.04829	1.04719	1.05104	0.00	11973.15
669	2024.11.25 15:14	modify	277	1.08	1.04829	1.04839	1.05104	0.00	11973.15
670	2024.11.25 15:18	t/p	277	1.08	1.05104	1.04839	1.05104	297.00	12270.15
671	2024.11.26 09:45	buy	278	1.03	1.04819	1.04701	1.05114	0.00	12270.15
672	2024.11.26 10:02	s/l	278	1.03	1.04701	1.04701	1.05114	-121.54	12148.61
673	2024.11.28 16:45	buy	279	0.80	1.05445	1.05294	1.05823	0.00	12148.61
674	2024.11.29 02:36	modify	279	0.80	1.05445	1.05455	1.05823	0.00	12148.61
675	2024.11.29 09:00	t/p	279	0.80	1.05823	1.05455	1.05823	295.70	12444.31
676	2024.12.02 09:15	sell	280	0.57	1.05174	1.05391	1.04632	0.00	12444.31
677	2024.12.02 16:42	modify	280	0.57	1.05174	1.05164	1.04632	0.00	12444.31
678	2024.12.02 17:02	t/p	280	0.57	1.04632	1.05164	1.04632	308.94	12753.25
679	2024.12.03 15:45	buy	281	0.89	1.05185	1.05042	1.05543	0.00	12753.25
680	2024.12.03 17:10	s/l	281	0.89	1.05042	1.05042	1.05543	-127.27	12625.98
681	2024.12.04 10:45	sell	282	0.67	1.04980	1.05168	1.04510	0.00	12625.98
682	2024.12.04 17:00	s/l	282	0.67	1.05168	1.05168	1.04510	-125.96	12500.02
683	2024.12.05 11:45	buy	283	0.82	1.05342	1.05191	1.05720	0.00	12500.02
684	2024.12.05 15:30	modify	283	0.82	1.05342	1.05352	1.05720	0.00	12500.02
685	2024.12.05 16:00	t/p	283	0.82	1.05720	1.05352	1.05720	309.96	12809.98
686	2024.12.10 10:00	sell	284	0.81	1.05487	1.05645	1.05092	0.00	12809.98
687	2024.12.10 11:30	modify	284	0.81	1.05487	1.05477	1.05092	0.00	12809.98
688	2024.12.10 17:08	t/p	284	0.81	1.05092	1.05477	1.05092	319.95	13129.93
689	2024.12.16 11:15	buy	285	0.84	1.05184	1.05029	1.05572	0.00	13129.93
690	2024.12.16 12:11	s/l	285	0.84	1.05029	1.05029	1.05572	-130.20	12999.73
691	2024.12.16 15:00	sell	286	1.15	1.04905	1.05018	1.04623	0.00	12999.73
692	2024.12.16 15:22	s/l	286	1.15	1.05018	1.05018	1.04623	-129.95	12869.78
693	2024.12.18 15:30	sell	287	0.96	1.04870	1.05004	1.04535	0.00	12869.78
694	2024.12.18 16:52	s/l	287	0.96	1.05004	1.05004	1.04535	-128.64	12741.14
695	2024.12.19 16:00	sell	288	0.75	1.03990	1.04158	1.03570	0.00	12741.14
696	2024.12.19 18:05	modify	288	0.75	1.03990	1.03980	1.03570	0.00	12741.14
697	2024.12.19 18:58	t/p	288	0.75	1.03570	1.03980	1.03570	315.00	13056.14
698	2024.12.23 16:45	sell	289	0.98	1.03971	1.04103	1.03641	0.00	13056.14
699	2024.12.23 19:02	s/l	289	0.98	1.04103	1.04103	1.03641	-129.36	12926.78
700	2024.12.24 11:00	sell	290	1.06	1.03953	1.04074	1.03651	0.00	12926.78
701	2024.12.24 16:29	s/l	290	1.06	1.04074	1.04074	1.03651	-128.26	12798.52
702	2024.12.26 15:30	sell	291	1.09	1.03959	1.04076	1.03667	0.00	12798.52
703	2024.12.26 17:13	s/l	291	1.09	1.04076	1.04076	1.03667	-127.53	12670.99
704	2025.01.02 10:30	sell	292	0.49	1.03487	1.03744	1.02845	0.00	12670.99
705	2025.01.02 16:07	modify	292	0.49	1.03487	1.03477	1.02845	0.00	12670.99
706	2025.01.02 17:28	t/p	292	0.49	1.02845	1.03477	1.02845	314.58	12985.57
707	2025.01.06 08:45	buy	293	1.28	1.03157	1.03056	1.03410	0.00	12985.57
708	2025.01.06 10:02	modify	293	1.28	1.03157	1.03167	1.03410	0.00	12985.57
709	2025.01.06 10:15	t/p	293	1.28	1.03410	1.03167	1.03410	323.84	13309.41
710	2025.01.08 16:30	sell	294	0.84	1.02934	1.03092	1.02539	0.00	13309.41
711	2025.01.08 17:06	s/l	294	0.84	1.03092	1.03092	1.02539	-132.72	13176.69
712	2025.01.09 09:45	sell	295	0.80	1.02937	1.03100	1.02530	0.00	13176.69
713	2025.01.09 11:00	s/l	295	0.80	1.03100	1.03100	1.02530	-130.40	13046.29
714	2025.01.14 16:30	buy	296	0.54	1.02652	1.02414	1.03247	0.00	13046.29
715	2025.01.14 18:16	modify	296	0.54	1.02652	1.02662	1.03247	0.00	13046.29
716	2025.01.15 15:30	t/p	296	0.54	1.03247	1.02662	1.03247	316.78	13363.07
717	2025.01.16 09:15	buy	297	0.81	1.02984	1.02820	1.03394	0.00	13363.07
718	2025.01.16 11:45	s/l	297	0.81	1.02820	1.02820	1.03394	-132.84	13230.23
719	2025.01.16 14:30	sell	298	0.68	1.02744	1.02938	1.02259	0.00	13230.23
720	2025.01.16 17:08	s/l	298	0.68	1.02938	1.02938	1.02259	-131.92	13098.31
721	2025.01.21 15:15	buy	299	0.80	1.03599	1.03436	1.04007	0.00	13098.31
722	2025.01.21 16:17	modify	299	0.80	1.03599	1.03609	1.04007	0.00	13098.31
723	2025.01.21 17:33	t/p	299	0.80	1.04007	1.03609	1.04007	326.40	13424.71
724	2025.01.22 09:15	buy	300	0.91	1.04126	1.03979	1.04494	0.00	13424.71
725	2025.01.22 11:44	modify	300	0.91	1.04126	1.04136	1.04494	0.00	13424.71
726	2025.01.22 12:06	t/p	300	0.91	1.04494	1.04136	1.04494	334.88	13759.59
727	2025.01.27 09:45	buy	301	0.74	1.04703	1.04519	1.05163	0.00	13759.59
728	2025.01.27 12:05	modify	301	0.74	1.04703	1.04713	1.05163	0.00	13759.59
729	2025.01.27 13:13	t/p	301	0.74	1.05163	1.04713	1.05163	340.40	14099.99
730	2025.01.28 09:45	sell	302	1.04	1.04314	1.04449	1.03977	0.00	14099.99
731	2025.01.29 11:05	modify	302	1.04	1.04314	1.04304	1.03977	0.00	14099.99
732	2025.01.29 12:12	t/p	302	1.04	1.03977	1.04304	1.03977	353.15	14453.14
733	2025.01.30 11:15	sell	303	0.88	1.04097	1.04260	1.03690	0.00	14453.14
734	2025.01.30 15:53	s/l	303	0.88	1.04260	1.04260	1.03690	-143.44	14309.70
735	2025.02.03 09:30	sell	304	0.70	1.02327	1.02529	1.01822	0.00	14309.70
736	2025.02.03 11:33	s/l	304	0.70	1.02529	1.02529	1.01822	-141.40	14168.30
737	2025.02.04 15:15	buy	305	0.92	1.03361	1.03207	1.03746	0.00	14168.30
738	2025.02.04 16:18	modify	305	0.92	1.03361	1.03371	1.03746	0.00	14168.30
739	2025.02.04 17:00	t/p	305	0.92	1.03746	1.03371	1.03746	354.20	14522.50
740	2025.02.05 08:30	buy	306	0.66	1.03933	1.03715	1.04478	0.00	14522.50
741	2025.02.05 12:35	modify	306	0.66	1.03933	1.03943	1.04478	0.00	14522.50
742	2025.02.06 04:24	s/l	306	0.66	1.03943	1.03943	1.04478	-9.98	14512.52
743	2025.02.10 08:15	sell	307	1.34	1.03126	1.03234	1.02856	0.00	14512.52
744	2025.02.10 09:06	s/l	307	1.34	1.03234	1.03234	1.02856	-144.72	14367.80
745	2025.02.10 09:30	sell	308	0.95	1.03122	1.03273	1.02745	0.00	14367.80
746	2025.02.10 11:03	s/l	308	0.95	1.03273	1.03273	1.02745	-143.45	14224.35
747	2025.02.11 15:30	sell	309	1.16	1.03178	1.03300	1.02873	0.00	14224.35
748	2025.02.11 16:25	s/l	309	1.16	1.03300	1.03300	1.02873	-141.52	14082.83
749	2025.02.12 09:30	buy	310	1.31	1.03662	1.03555	1.03930	0.00	14082.83
750	2025.02.12 13:19	modify	310	1.31	1.03662	1.03672	1.03930	0.00	14082.83
751	2025.02.12 15:16	s/l	310	1.31	1.03672	1.03672	1.03930	13.10	14095.93
752	2025.02.18 11:00	sell	311	0.99	1.04567	1.04708	1.04215	0.00	14095.93
753	2025.02.18 20:09	modify	311	0.99	1.04567	1.04557	1.04215	0.00	14095.93
754	2025.02.19 07:53	s/l	311	0.99	1.04557	1.04557	1.04215	12.44	14108.37
755	2025.02.19 11:00	sell	312	0.81	1.04404	1.04578	1.03969	0.00	14108.37
756	2025.02.19 18:04	modify	312	0.81	1.04404	1.04394	1.03969	0.00	14108.37
757	2025.02.20 10:06	s/l	312	0.81	1.04394	1.04394	1.03969	14.34	14122.70
758	2025.02.20 10:45	sell	313	1.00	1.04301	1.04441	1.03951	0.00	14122.70
759	2025.02.20 12:45	s/l	313	1.00	1.04441	1.04441	1.03951	-140.00	13982.70
760	2025.02.20 15:15	buy	314	1.06	1.04445	1.04314	1.04773	0.00	13982.70
761	2025.02.20 17:25	modify	314	1.06	1.04445	1.04455	1.04773	0.00	13982.70
762	2025.02.20 18:45	t/p	314	1.06	1.04773	1.04455	1.04773	347.68	14330.38
763	2025.02.25 09:45	sell	315	1.30	1.04687	1.04797	1.04412	0.00	14330.38
764	2025.02.25 13:19	s/l	315	1.30	1.04797	1.04797	1.04412	-143.00	14187.38
765	2025.02.26 10:15	buy	316	1.21	1.05013	1.04896	1.05306	0.00	14187.38
766	2025.02.26 13:50	s/l	316	1.21	1.04896	1.04896	1.05306	-141.57	14045.81
767	2025.02.26 15:45	sell	317	1.10	1.04841	1.04968	1.04524	0.00	14045.81
768	2025.02.26 17:30	s/l	317	1.10	1.04968	1.04968	1.04524	-139.70	13906.11
769	2025.02.27 15:00	sell	318	1.37	1.04761	1.04862	1.04509	0.00	13906.11
770	2025.02.27 15:30	s/l	318	1.37	1.04862	1.04862	1.04509	-138.37	13767.74
771	2025.03.03 08:45	sell	319	1.32	1.04081	1.04185	1.03821	0.00	13767.74
772	2025.03.03 10:36	modify	319	1.32	1.04081	1.04071	1.03821	0.00	13767.74
773	2025.03.03 11:03	s/l	319	1.32	1.04071	1.04071	1.03821	13.20	13780.94
774	2025.03.04 08:30	buy	320	1.21	1.04881	1.04768	1.05164	0.00	13780.94
775	2025.03.04 10:24	modify	320	1.21	1.04881	1.04891	1.05164	0.00	13780.94
776	2025.03.04 10:29	t/p	320	1.21	1.05164	1.04891	1.05164	342.43	14123.37
777	2025.03.05 14:15	buy	321	0.62	1.06971	1.06744	1.07539	0.00	14123.37
778	2025.03.05 16:05	modify	321	0.62	1.06971	1.06981	1.07539	0.00	14123.37
779	2025.03.05 16:31	t/p	321	0.62	1.07539	1.06981	1.07539	352.16	14475.53
780	2025.03.06 09:45	buy	322	0.56	1.08154	1.07898	1.08794	0.00	14475.53
781	2025.03.06 11:18	s/l	322	0.56	1.07898	1.07898	1.08794	-143.36	14332.17
782	2025.03.10 08:15	buy	323	1.08	1.08400	1.08268	1.08730	0.00	14332.17
783	2025.03.10 09:48	s/l	323	1.08	1.08268	1.08268	1.08730	-142.56	14189.61
784	2025.03.11 08:30	buy	324	0.50	1.08615	1.08335	1.09315	0.00	14189.61
785	2025.03.11 10:18	modify	324	0.50	1.08615	1.08625	1.09315	0.00	14189.61
786	2025.03.11 19:12	t/p	324	0.50	1.09315	1.08625	1.09315	350.00	14539.61
787	2025.03.12 16:45	buy	325	0.61	1.09028	1.08790	1.09623	0.00	14539.61
788	2025.03.13 08:07	s/l	325	0.61	1.08790	1.08790	1.09623	-160.50	14379.11
789	2025.03.13 09:45	sell	326	0.57	1.08621	1.08870	1.07999	0.00	14379.11
790	2025.03.13 15:12	modify	326	0.57	1.08621	1.08611	1.07999	0.00	14379.11
791	2025.03.13 16:03	s/l	326	0.57	1.08611	1.08611	1.07999	5.70	14384.81
792	2025.03.17 11:30	buy	327	1.33	1.08857	1.08749	1.09127	0.00	14384.81
793	2025.03.17 12:00	modify	327	1.33	1.08857	1.08867	1.09127	0.00	14384.81
794	2025.03.17 16:38	t/p	327	1.33	1.09127	1.08867	1.09127	359.10	14743.91
795	2025.03.18 09:00	buy	328	0.77	1.09206	1.09015	1.09684	0.00	14743.91
796	2025.03.18 10:15	modify	328	0.77	1.09206	1.09216	1.09684	0.00	14743.91
797	2025.03.18 13:51	s/l	328	0.77	1.09216	1.09216	1.09684	7.70	14751.61
798	2025.03.19 15:00	sell	329	0.86	1.09014	1.09185	1.08587	0.00	14751.61
799	2025.03.19 17:58	modify	329	0.86	1.09014	1.09004	1.08587	0.00	14751.61
800	2025.03.19 20:36	s/l	329	0.86	1.09004	1.09004	1.08587	8.60	14760.21
801	2025.03.24 14:00	sell	330	0.77	1.08320	1.08510	1.07845	0.00	14760.21
802	2025.03.24 15:51	modify	330	0.77	1.08320	1.08310	1.07845	0.00	14760.21
803	2025.03.24 18:41	t/p	330	0.77	1.07845	1.08310	1.07845	365.75	15125.96
804	2025.03.25 16:15	sell	331	0.67	1.08051	1.08276	1.07489	0.00	15125.96
805	2025.03.26 15:29	modify	331	0.67	1.08051	1.08041	1.07489	0.00	15125.96
806	2025.03.26 21:17	t/p	331	0.67	1.07489	1.08041	1.07489	378.26	15504.22
807	2025.03.27 09:00	sell	332	1.33	1.07724	1.07840	1.07434	0.00	15504.22
808	2025.03.27 09:33	modify	332	1.33	1.07724	1.07714	1.07434	0.00	15504.22
809	2025.03.27 10:43	s/l	332	1.33	1.07714	1.07714	1.07434	13.30	15517.52
810	2025.03.27 11:30	sell	333	1.05	1.07658	1.07805	1.07291	0.00	15517.52
811	2025.03.27 12:59	s/l	333	1.05	1.07805	1.07805	1.07291	-154.35	15363.17
812	2025.03.31 08:30	buy	334	1.46	1.08392	1.08287	1.08655	0.00	15363.17
813	2025.03.31 09:01	s/l	334	1.46	1.08287	1.08287	1.08655	-153.30	15209.87
814	2025.03.31 09:45	buy	335	1.23	1.08347	1.08224	1.08655	0.00	15209.87
815	2025.03.31 10:39	s/l	335	1.23	1.08224	1.08224	1.08655	-151.29	15058.58
816	2025.04.02 08:15	sell	336	1.47	1.07880	1.07982	1.07625	0.00	15058.58
817	2025.04.02 11:17	s/l	336	1.47	1.07982	1.07982	1.07625	-149.94	14908.64
818	2025.04.07 16:45	sell	337	0.59	1.09534	1.09786	1.08904	0.00	14908.64
819	2025.04.07 17:11	s/l	337	0.59	1.09786	1.09786	1.08904	-148.68	14759.96
820	2025.04.08 09:00	buy	338	0.91	1.09676	1.09515	1.10079	0.00	14759.96
821	2025.04.08 10:40	s/l	338	0.91	1.09515	1.09515	1.10079	-146.51	14613.45
822	2025.04.08 16:45	sell	339	0.52	1.09293	1.09573	1.08593	0.00	14613.45
823	2025.04.08 21:30	s/l	339	0.52	1.09573	1.09573	1.08593	-145.60	14467.85
824	2025.04.09 15:15	buy	340	0.70	1.10495	1.10289	1.11010	0.00	14467.85
825	2025.04.09 15:31	modify	340	0.70	1.10495	1.10505	1.11010	0.00	14467.85
826	2025.04.09 16:41	s/l	340	0.70	1.10505	1.10505	1.11010	7.00	14474.85
827	2025.04.10 09:15	sell	341	0.52	1.09694	1.09970	1.09004	0.00	14474.85
828	2025.04.10 10:31	s/l	341	0.52	1.09970	1.09970	1.09004	-143.52	14331.33
829	2025.04.14 08:30	buy	342	0.53	1.13774	1.13506	1.14444	0.00	14331.33
830	2025.04.14 09:35	modify	342	0.53	1.13774	1.13784	1.14444	0.00	14331.33
831	2025.04.14 13:08	s/l	342	0.53	1.13784	1.13784	1.14444	5.30	14336.63
832	2025.04.14 14:45	buy	343	0.70	1.13984	1.13781	1.14492	0.00	14336.63
833	2025.04.14 14:57	s/l	343	0.70	1.13781	1.13781	1.14492	-142.10	14194.53
834	2025.04.16 14:30	buy	344	0.87	1.13691	1.13528	1.14099	0.00	14194.53
835	2025.04.16 15:10	s/l	344	0.87	1.13528	1.13528	1.14099	-141.81	14052.72
836	2025.04.17 10:45	buy	345	0.73	1.13697	1.13505	1.14177	0.00	14052.72
837	2025.04.17 15:16	s/l	345	0.73	1.13505	1.13505	1.14177	-140.16	13912.56
838	2025.04.21 16:00	buy	346	0.59	1.15421	1.15189	1.16001	0.00	13912.56
839	2025.04.21 16:20	s/l	346	0.59	1.15189	1.15189	1.16001	-136.88	13775.68
840	2025.04.23 08:45	sell	347	0.65	1.13802	1.14013	1.13275	0.00	13775.68
841	2025.04.23 10:26	s/l	347	0.65	1.14013	1.14013	1.13275	-137.15	13638.53
842	2025.04.28 11:00	sell	348	0.88	1.13478	1.13632	1.13093	0.00	13638.53
843	2025.04.28 15:19	s/l	348	0.88	1.13632	1.13632	1.13093	-135.52	13503.01
844	2025.04.29 09:15	buy	349	0.96	1.13935	1.13795	1.14285	0.00	13503.01
845	2025.04.29 13:00	s/l	349	0.96	1.13795	1.13795	1.14285	-134.40	13368.61
846	2025.04.29 15:30	buy	350	0.71	1.13862	1.13676	1.14327	0.00	13368.61
847	2025.04.29 16:18	modify	350	0.71	1.13862	1.13872	1.14327	0.00	13368.61
848	2025.04.29 17:47	s/l	350	0.71	1.13872	1.13872	1.14327	7.10	13375.71
849	2025.04.30 10:30	sell	351	0.63	1.13797	1.14009	1.13267	0.00	13375.71
850	2025.04.30 18:21	modify	351	0.63	1.13797	1.13787	1.13267	0.00	13375.71
851	2025.04.30 18:30	t/p	351	0.63	1.13267	1.13787	1.13267	333.90	13709.61
852	2025.05.01 10:00	sell	352	1.14	1.13020	1.13140	1.12720	0.00	13709.61
853	2025.05.01 11:01	s/l	352	1.14	1.13140	1.13140	1.12720	-136.80	13572.81
854	2025.05.01 15:00	sell	353	0.59	1.13197	1.13425	1.12627	0.00	13572.81
855	2025.05.01 17:20	modify	353	0.59	1.13197	1.13187	1.12627	0.00	13572.81
856	2025.05.02 09:10	s/l	353	0.59	1.13187	1.13187	1.12627	7.41	13580.22
857	2025.05.06 16:30	buy	354	0.67	1.13441	1.13239	1.13946	0.00	13580.22
858	2025.05.06 22:28	modify	354	0.67	1.13441	1.13451	1.13946	0.00	13580.22
859	2025.05.07 01:07	s/l	354	0.67	1.13451	1.13451	1.13946	1.09	13581.31
860	2025.05.07 08:15	buy	355	1.09	1.13528	1.13404	1.13838	0.00	13581.31
861	2025.05.07 09:22	modify	355	1.09	1.13528	1.13538	1.13838	0.00	13581.31
862	2025.05.07 11:02	s/l	355	1.09	1.13538	1.13538	1.13838	10.90	13592.21
863	2025.05.08 08:00	sell	356	0.90	1.13175	1.13325	1.12800	0.00	13592.21
864	2025.05.08 09:14	modify	356	0.90	1.13175	1.13165	1.12800	0.00	13592.21
865	2025.05.08 09:33	t/p	356	0.90	1.12800	1.13165	1.12800	337.50	13929.71
866	2025.05.08 14:00	sell	357	0.96	1.12867	1.13011	1.12507	0.00	13929.71
867	2025.05.08 14:22	s/l	357	0.96	1.13011	1.13011	1.12507	-138.24	13791.47
868	2025.05.14 09:30	buy	358	0.81	1.11946	1.11777	1.12369	0.00	13791.47
869	2025.05.14 11:03	modify	358	0.81	1.11946	1.11956	1.12369	0.00	13791.47
870	2025.05.14 11:07	t/p	358	0.81	1.12369	1.11956	1.12369	342.63	14134.10
871	2025.05.14 15:30	buy	359	0.81	1.12244	1.12071	1.12677	0.00	14134.10
872	2025.05.14 17:18	s/l	359	0.81	1.12071	1.12071	1.12677	-140.13	13993.97
873	2025.05.15 09:30	buy	360	0.56	1.12077	1.11831	1.12692	0.00	13993.97
874	2025.05.15 14:34	s/l	360	0.56	1.11831	1.11831	1.12692	-137.76	13856.21
875	2025.05.19 08:45	sell	361	1.38	1.11797	1.11897	1.11547	0.00	13856.21
876	2025.05.19 09:06	s/l	361	1.38	1.11897	1.11897	1.11547	-138.00	13718.21
877	2025.05.19 09:30	buy	362	0.52	1.12000	1.11737	1.12658	0.00	13718.21
878	2025.05.19 10:34	modify	362	0.52	1.12000	1.12010	1.12658	0.00	13718.21
879	2025.05.19 12:06	t/p	362	0.52	1.12658	1.12010	1.12658	342.16	14060.37
880	2025.05.20 08:15	buy	363	1.32	1.12486	1.12380	1.12751	0.00	14060.37
881	2025.05.20 10:08	modify	363	1.32	1.12486	1.12496	1.12751	0.00	14060.37
882	2025.05.20 10:42	t/p	363	1.32	1.12751	1.12496	1.12751	349.80	14410.17
883	2025.05.21 16:00	buy	364	0.73	1.13345	1.13149	1.13835	0.00	14410.17
884	2025.05.22 01:17	s/l	364	0.73	1.13149	1.13149	1.13835	-161.42	14248.75
885	2025.05.22 15:45	sell	365	0.59	1.12926	1.13164	1.12331	0.00	14248.75
886	2025.05.22 20:28	modify	365	0.59	1.12926	1.12916	1.12331	0.00	14248.75
887	2025.05.23 03:24	s/l	365	0.59	1.12916	1.12916	1.12331	7.41	14256.17
888	2025.05.26 09:00	buy	366	0.77	1.14166	1.13981	1.14629	0.00	14256.17
889	2025.05.26 10:12	s/l	366	0.77	1.13981	1.13981	1.14629	-142.45	14113.72
890	2025.05.27 09:15	buy	367	0.61	1.13874	1.13645	1.14447	0.00	14113.72
891	2025.05.27 09:59	s/l	367	0.61	1.13645	1.13645	1.14447	-139.69	13974.03
892	2025.05.28 14:00	sell	368	0.83	1.13254	1.13422	1.12834	0.00	13974.03
893	2025.05.28 16:11	modify	368	0.83	1.13254	1.13244	1.12834	0.00	13974.03
894	2025.05.29 02:10	t/p	368	0.83	1.12834	1.13244	1.12834	354.99	14329.01
895	2025.05.29 11:30	sell	369	0.79	1.12633	1.12813	1.12183	0.00	14329.01
896	2025.05.29 12:31	s/l	369	0.79	1.12813	1.12813	1.12183	-142.20	14186.81
897	2025.05.29 14:45	sell	370	0.75	1.12734	1.12922	1.12264	0.00	14186.81
898	2025.05.29 15:17	s/l	370	0.75	1.12922	1.12922	1.12264	-141.00	14045.81
899	2025.06.02 08:15	buy	371	1.32	1.13692	1.13586	1.13957	0.00	14045.81
900	2025.06.02 09:18	modify	371	1.32	1.13692	1.13702	1.13957	0.00	14045.81
901	2025.06.02 09:30	t/p	371	1.32	1.13957	1.13702	1.13957	349.80	14395.61
902	2025.06.02 15:30	buy	372	1.03	1.14205	1.14066	1.14553	0.00	14395.61
903	2025.06.02 16:25	s/l	372	1.03	1.14066	1.14066	1.14553	-143.17	14252.44
904	2025.06.03 09:30	buy	373	0.75	1.14285	1.14096	1.14758	0.00	14252.44
905	2025.06.03 11:02	s/l	373	0.75	1.14096	1.14096	1.14758	-141.75	14110.69
906	2025.06.04 15:30	buy	374	0.52	1.14013	1.13746	1.14681	0.00	14110.69
907	2025.06.05 15:30	modify	374	0.52	1.14013	1.14023	1.14681	0.00	14110.69
908	2025.06.05 16:20	t/p	374	0.52	1.14681	1.14023	1.14681	334.30	14444.99
909	2025.06.10 10:00	sell	375	0.65	1.13940	1.14162	1.13385	0.00	14444.99
910	2025.06.10 12:41	s/l	375	0.65	1.14162	1.14162	1.13385	-144.30	14300.69
911	2025.06.11 10:00	sell	376	1.21	1.14097	1.14215	1.13802	0.00	14300.69
912	2025.06.11 10:50	s/l	376	1.21	1.14215	1.14215	1.13802	-142.78	14157.91
913	2025.06.12 08:30	buy	377	0.86	1.15249	1.15085	1.15659	0.00	14157.91
914	2025.06.12 10:37	s/l	377	0.86	1.15085	1.15085	1.15659	-141.04	14016.87
915	2025.06.12 11:00	buy	378	0.61	1.15261	1.15034	1.15829	0.00	14016.87
916	2025.06.12 12:14	modify	378	0.61	1.15261	1.15271	1.15829	0.00	14016.87
917	2025.06.12 12:53	t/p	378	0.61	1.15829	1.15271	1.15829	346.48	14363.35
918	2025.06.16 08:15	buy	379	0.89	1.15458	1.15297	1.15861	0.00	14363.35
919	2025.06.16 09:51	modify	379	0.89	1.15458	1.15468	1.15861	0.00	14363.35
920	2025.06.16 16:00	t/p	379	0.89	1.15861	1.15468	1.15861	358.67	14722.02
921	2025.06.16 16:15	buy	380	0.59	1.15943	1.15697	1.16558	0.00	14722.02
922	2025.06.16 22:16	s/l	380	0.59	1.15697	1.15697	1.16558	-145.14	14576.88
923	2025.06.17 15:15	buy	381	1.04	1.15690	1.15551	1.16038	0.00	14576.88
924	2025.06.17 15:49	s/l	381	1.04	1.15551	1.15551	1.16038	-144.56	14432.32
925	2025.06.18 11:30	sell	382	0.93	1.15033	1.15188	1.14646	0.00	14432.32
926	2025.06.18 17:04	s/l	382	0.93	1.15188	1.15188	1.14646	-144.15	14288.17
927	2025.06.19 11:00	sell	383	0.81	1.14610	1.14785	1.14173	0.00	14288.17
928	2025.06.19 11:54	s/l	383	0.81	1.14785	1.14785	1.14173	-141.75	14146.42
929	2025.06.19 16:45	sell	384	1.05	1.14727	1.14861	1.14392	0.00	14146.42
930	2025.06.19 21:30	s/l	384	1.05	1.14861	1.14861	1.14392	-140.70	14005.72
931	2025.06.23 15:30	sell	385	0.80	1.14621	1.14794	1.14189	0.00	14005.72
932	2025.06.23 16:39	s/l	385	0.80	1.14794	1.14794	1.14189	-138.40	13867.32
933	2025.06.24 09:30	buy	386	0.84	1.16153	1.15989	1.16563	0.00	13867.32
934	2025.06.24 10:27	s/l	386	0.84	1.15989	1.15989	1.16563	-137.76	13729.56
935	2025.06.24 14:15	buy	387	1.08	1.16041	1.15915	1.16356	0.00	13729.56
936	2025.06.24 16:13	s/l	387	1.08	1.15915	1.15915	1.16356	-136.08	13593.48
937	2025.06.25 08:45	buy	388	1.23	1.16179	1.16069	1.16454	0.00	13593.48
938	2025.06.25 09:52	s/l	388	1.23	1.16069	1.16069	1.16454	-135.30	13458.18
939	2025.06.25 14:15	buy	389	1.11	1.16113	1.15992	1.16416	0.00	13458.18
940	2025.06.25 14:39	s/l	389	1.11	1.15992	1.15992	1.16416	-134.31	13323.87
941	2025.06.26 09:00	buy	390	1.28	1.16849	1.16745	1.17109	0.00	13323.87
942	2025.06.26 09:05	s/l	390	1.28	1.16745	1.16745	1.17109	-133.12	13190.75
943	2025.06.26 09:45	buy	391	0.79	1.16857	1.16692	1.17270	0.00	13190.75
944	2025.06.26 10:21	modify	391	0.79	1.16857	1.16867	1.17270	0.00	13190.75
945	2025.06.26 11:13	t/p	391	0.79	1.17270	1.16867	1.17270	326.27	13517.02
946	2025.06.30 09:45	buy	392	0.67	1.17384	1.17183	1.17887	0.00	13517.02
947	2025.06.30 11:00	s/l	392	0.67	1.17183	1.17183	1.17887	-134.67	13382.35
948	2025.07.01 11:30	buy	393	0.82	1.17883	1.17721	1.18288	0.00	13382.35
949	2025.07.01 11:54	modify	393	0.82	1.17883	1.17893	1.18288	0.00	13382.35
950	2025.07.01 12:34	t/p	393	0.82	1.18288	1.17893	1.18288	332.10	13714.45
951	2025.07.07 09:30	sell	394	0.98	1.17614	1.17753	1.17267	0.00	13714.45
952	2025.07.07 11:07	modify	394	0.98	1.17614	1.17604	1.17267	0.00	13714.45
953	2025.07.07 11:53	t/p	394	0.98	1.17267	1.17604	1.17267	340.06	14054.51
954	2025.07.09 10:45	sell	395	0.69	1.17098	1.17299	1.16596	0.00	14054.51
955	2025.07.10 02:39	s/l	395	0.69	1.17299	1.17299	1.16596	-133.38	13921.13
956	2025.07.16 10:45	sell	396	0.95	1.16153	1.16299	1.15788	0.00	13921.13
957	2025.07.16 15:27	modify	396	0.95	1.16153	1.16143	1.15788	0.00	13921.13
958	2025.07.16 16:33	t/p	396	0.95	1.15788	1.16143	1.15788	346.75	14267.88
959	2025.07.17 09:00	sell	397	1.13	1.16162	1.16288	1.15847	0.00	14267.88
960	2025.07.17 09:20	modify	397	1.13	1.16162	1.16152	1.15847	0.00	14267.88
961	2025.07.17 09:23	t/p	397	1.13	1.15847	1.16152	1.15847	355.95	14623.83
962	2025.07.21 14:00	buy	398	1.04	1.16451	1.16311	1.16801	0.00	14623.83
963	2025.07.21 14:46	modify	398	1.04	1.16451	1.16461	1.16801	0.00	14623.83
964	2025.07.21 17:05	t/p	398	1.04	1.16801	1.16461	1.16801	364.00	14987.83
965	2025.07.22 16:45	buy	399	0.66	1.16990	1.16763	1.17558	0.00	14987.83
966	2025.07.22 18:16	modify	399	0.66	1.16990	1.17000	1.17558	0.00	14987.83
967	2025.07.22 19:07	t/p	399	0.66	1.17558	1.17000	1.17558	374.88	15362.71
968	2025.07.23 10:00	buy	400	1.14	1.17416	1.17282	1.17751	0.00	15362.71
969	2025.07.23 13:11	s/l	400	1.14	1.17282	1.17282	1.17751	-152.76	15209.95
970	2025.07.24 15:00	buy	401	1.21	1.17557	1.17432	1.17870	0.00	15209.95
971	2025.07.24 15:31	s/l	401	1.21	1.17432	1.17432	1.17870	-151.25	15058.70
972	2025.07.24 16:15	buy	402	0.52	1.17571	1.17282	1.18294	0.00	15058.70
973	2025.07.25 13:50	s/l	402	0.52	1.17282	1.17282	1.18294	-154.63	14904.07
974	2025.07.29 09:00	sell	403	1.09	1.15782	1.15918	1.15442	0.00	14904.07
975	2025.07.29 09:34	modify	403	1.09	1.15782	1.15772	1.15442	0.00	14904.07
976	2025.07.29 09:55	t/p	403	1.09	1.15442	1.15772	1.15442	370.60	15274.67
977	2025.07.29 14:15	sell	404	0.66	1.15666	1.15897	1.15089	0.00	15274.67
978	2025.07.29 15:20	modify	404	0.66	1.15666	1.15656	1.15089	0.00	15274.67
979	2025.07.30 03:48	s/l	404	0.66	1.15656	1.15656	1.15089	8.29	15282.96
980	2025.07.30 09:00	sell	405	1.31	1.15495	1.15611	1.15205	0.00	15282.96
981	2025.07.30 10:06	s/l	405	1.31	1.15611	1.15611	1.15205	-151.96	15131.00
982	2025.08.04 09:15	buy	406	1.08	1.15783	1.15644	1.16131	0.00	15131.00
983	2025.08.04 09:26	s/l	406	1.08	1.15644	1.15644	1.16131	-150.12	14980.88
984	2025.08.04 14:00	buy	407	0.70	1.15739	1.15528	1.16267	0.00	14980.88
985	2025.08.05 08:19	s/l	407	0.70	1.15528	1.15528	1.16267	-153.56	14827.32
986	2025.08.05 14:45	sell	408	0.82	1.15323	1.15503	1.14873	0.00	14827.32
987	2025.08.05 16:24	s/l	408	0.82	1.15503	1.15503	1.14873	-147.60	14679.72
988	2025.08.12 08:30	sell	409	1.20	1.16183	1.16305	1.15878	0.00	14679.72
989	2025.08.12 14:49	modify	409	1.20	1.16183	1.16173	1.15878	0.00	14679.72
990	2025.08.12 15:30	s/l	409	1.20	1.16173	1.16173	1.15878	12.00	14691.72
991	2025.08.13 15:00	buy	410	1.10	1.17186	1.17053	1.17519	0.00	14691.72
992	2025.08.13 15:40	s/l	410	1.10	1.17053	1.17053	1.17519	-146.30	14545.42
993	2025.08.14 15:30	sell	411	1.05	1.16804	1.16942	1.16459	0.00	14545.42
994	2025.08.14 15:30	modify	411	1.05	1.16804	1.16794	1.16459	0.00	14545.42
995	2025.08.14 15:45	s/l	411	1.05	1.16794	1.16794	1.16459	10.50	14555.92
996	2025.08.18 15:00	sell	412	0.97	1.16748	1.16897	1.16376	0.00	14555.92
997	2025.08.19 04:24	modify	412	0.97	1.16748	1.16738	1.16376	0.00	14555.92
998	2025.08.19 09:50	s/l	412	0.97	1.16738	1.16738	1.16376	12.19	14568.11
999	2025.08.20 09:15	sell	413	0.80	1.16257	1.16438	1.15805	0.00	14568.11
1000	2025.08.20 10:20	s/l	413	0.80	1.16438	1.16438	1.15805	-144.80	14423.31
1001	2025.08.20 11:30	sell	414	1.19	1.16360	1.16481	1.16058	0.00	14423.31
1002	2025.08.20 13:11	s/l	414	1.19	1.16481	1.16481	1.16058	-143.99	14279.32
1003	2025.08.21 09:30	sell	415	0.82	1.16338	1.16512	1.15903	0.00	14279.32
1004	2025.08.21 10:31	s/l	415	0.82	1.16512	1.16512	1.15903	-142.68	14136.64
1005	2025.08.21 16:45	sell	416	0.78	1.16334	1.16514	1.15884	0.00	14136.64
1006	2025.08.21 17:45	modify	416	0.78	1.16334	1.16324	1.15884	0.00	14136.64
1007	2025.08.22 07:21	t/p	416	0.78	1.15884	1.16324	1.15884	353.00	14489.64
1008	2025.08.25 09:15	buy	417	0.87	1.17123	1.16958	1.17536	0.00	14489.64
1009	2025.08.25 10:55	s/l	417	0.87	1.16958	1.16958	1.17536	-143.55	14346.09
1010	2025.08.25 15:00	buy	418	1.09	1.17023	1.16892	1.17351	0.00	14346.09
1011	2025.08.25 17:59	s/l	418	1.09	1.16892	1.16892	1.17351	-142.79	14203.30
1012	2025.08.26 09:15	sell	419	0.88	1.16297	1.16458	1.15895	0.00	14203.30
1013	2025.08.26 10:12	modify	419	0.88	1.16297	1.16287	1.15895	0.00	14203.30
1014	2025.08.26 12:12	s/l	419	0.88	1.16287	1.16287	1.15895	8.80	14212.10
1015	2025.08.27 10:15	sell	420	0.95	1.16104	1.16253	1.15732	0.00	14212.10
1016	2025.08.27 11:15	modify	420	0.95	1.16104	1.16094	1.15732	0.00	14212.10
1017	2025.08.27 18:30	s/l	420	0.95	1.16094	1.16094	1.15732	9.50	14221.60
1018	2025.09.01 11:45	buy	421	1.11	1.17264	1.17136	1.17584	0.00	14221.60
1019	2025.09.01 14:55	s/l	421	1.11	1.17136	1.17136	1.17584	-142.08	14079.52
1020	2025.09.02 10:15	sell	422	0.56	1.16831	1.17080	1.16209	0.00	14079.52
1021	2025.09.02 10:57	modify	422	0.56	1.16831	1.16821	1.16209	0.00	14079.52
1022	2025.09.02 15:34	t/p	422	0.56	1.16209	1.16821	1.16209	348.32	14427.84
1023	2025.09.03 15:45	sell	423	0.95	1.16452	1.16603	1.16075	0.00	14427.84
1024	2025.09.03 17:00	s/l	423	0.95	1.16603	1.16603	1.16075	-143.45	14284.39
1025	2025.09.04 14:15	sell	424	0.89	1.16459	1.16618	1.16062	0.00	14284.39
1026	2025.09.05 04:00	s/l	424	0.89	1.16618	1.16618	1.16062	-139.23	14145.16
1027	2025.09.08 10:00	buy	425	0.80	1.17273	1.17097	1.17713	0.00	14145.16
1028	2025.09.08 16:14	modify	425	0.80	1.17273	1.17283	1.17713	0.00	14145.16
1029	2025.09.09 02:22	t/p	425	0.80	1.17713	1.17283	1.17713	345.30	14490.46
1030	2025.09.11 09:00	sell	426	1.39	1.16895	1.16999	1.16635	0.00	14490.46
1031	2025.09.11 15:16	modify	426	1.39	1.16895	1.16885	1.16635	0.00	14490.46
1032	2025.09.11 15:28	s/l	426	1.39	1.16885	1.16885	1.16635	13.90	14504.36
1033	2025.09.15 10:15	buy	427	0.70	1.17345	1.17140	1.17858	0.00	14504.36
1034	2025.09.15 15:01	modify	427	0.70	1.17345	1.17355	1.17858	0.00	14504.36
1035	2025.09.16 06:39	t/p	427	0.70	1.17858	1.17355	1.17858	353.24	14857.60
1036	2025.09.16 09:15	buy	428	1.24	1.17833	1.17714	1.18131	0.00	14857.60
1037	2025.09.16 10:53	modify	428	1.24	1.17833	1.17843	1.18131	0.00	14857.60
1038	2025.09.16 12:37	t/p	428	1.24	1.18131	1.17843	1.18131	369.52	15227.12
1039	2025.09.16 16:15	buy	429	0.64	1.18110	1.17874	1.18700	0.00	15227.12
1040	2025.09.16 17:17	modify	429	0.64	1.18110	1.18120	1.18700	0.00	15227.12
1041	2025.09.16 19:42	t/p	429	0.64	1.18700	1.18120	1.18700	377.60	15604.72
1042	2025.09.23 08:30	buy	430	1.52	1.18027	1.17925	1.18282	0.00	15604.72
1043	2025.09.23 09:12	s/l	430	1.52	1.17925	1.17925	1.18282	-155.04	15449.68
1044	2025.09.25 14:15	sell	431	0.94	1.17398	1.17561	1.16991	0.00	15449.68
1045	2025.09.25 15:30	modify	431	0.94	1.17398	1.17388	1.16991	0.00	15449.68
1046	2025.09.25 15:40	t/p	431	0.94	1.16991	1.17388	1.16991	382.58	15832.26
1047	2025.09.29 10:15	buy	432	1.14	1.17293	1.17155	1.17638	0.00	15832.26
1048	2025.09.29 11:20	s/l	432	1.14	1.17155	1.17155	1.17638	-157.32	15674.94
1049	2025.09.29 15:00	buy	433	0.70	1.17293	1.17070	1.17851	0.00	15674.94
1050	2025.10.01 08:00	modify	433	0.70	1.17293	1.17303	1.17851	0.00	15674.94
1051	2025.10.01 13:02	s/l	433	0.70	1.17303	1.17303	1.17851	-4.72	15670.22
1052	2025.10.01 15:15	sell	434	0.82	1.17234	1.17423	1.16762	0.00	15670.22
1053	2025.10.01 15:15	s/l	434	0.82	1.17423	1.17423	1.16762	-154.98	15515.24
1054	2025.10.02 09:15	buy	435	1.19	1.17417	1.17287	1.17742	0.00	15515.24
1055	2025.10.02 16:41	s/l	435	1.19	1.17287	1.17287	1.17742	-154.70	15360.54
1056	2025.10.09 09:00	sell	436	1.37	1.16383	1.16495	1.16103	0.00	15360.54
1057	2025.10.09 09:33	modify	436	1.37	1.16383	1.16373	1.16103	0.00	15360.54
1058	2025.10.09 10:40	t/p	436	1.37	1.16103	1.16373	1.16103	383.60	15744.14
1059	2025.10.09 15:00	sell	437	1.31	1.16123	1.16243	1.15823	0.00	15744.14
1060	2025.10.09 16:43	modify	437	1.31	1.16123	1.16113	1.15823	0.00	15744.14
1061	2025.10.09 17:26	t/p	437	1.31	1.15823	1.16113	1.15823	393.00	16137.14
1062	2025.10.13 09:15	buy	438	1.24	1.16236	1.16106	1.16561	0.00	16137.14
1063	2025.10.13 09:57	s/l	438	1.24	1.16106	1.16106	1.16561	-161.20	15975.94
1064	2025.10.14 09:30	sell	439	0.77	1.15710	1.15915	1.15198	0.00	15975.94
1065	2025.10.14 17:40	s/l	439	0.77	1.15915	1.15915	1.15198	-157.85	15818.09
1066	2025.10.15 16:45	buy	440	0.83	1.16272	1.16083	1.16745	0.00	15818.09
1067	2025.10.16 03:27	modify	440	0.83	1.16272	1.16282	1.16745	0.00	15818.09
1068	2025.10.16 04:51	t/p	440	0.83	1.16745	1.16282	1.16745	371.74	16189.83
1069	2025.10.16 16:00	buy	441	1.22	1.16610	1.16478	1.16940	0.00	16189.83
1070	2025.10.16 20:05	modify	441	1.22	1.16610	1.16620	1.16940	0.00	16189.83
1071	2025.10.16 22:23	t/p	441	1.22	1.16940	1.16620	1.16940	402.60	16592.43
1072	2025.10.20 10:00	sell	442	1.44	1.16582	1.16697	1.16295	0.00	16592.43
1073	2025.10.20 21:10	modify	442	1.44	1.16582	1.16572	1.16295	0.00	16592.43
1074	2025.10.21 08:33	t/p	442	1.44	1.16295	1.16572	1.16295	416.98	17009.40
1075	2025.10.21 10:15	sell	443	1.26	1.16241	1.16375	1.15906	0.00	17009.40
1076	2025.10.21 15:27	modify	443	1.26	1.16241	1.16231	1.15906	0.00	17009.40
1077	2025.10.21 19:01	s/l	443	1.26	1.16231	1.16231	1.15906	12.60	17022.00
1078	2025.10.22 09:15	sell	444	1.49	1.16065	1.16179	1.15780	0.00	17022.00
1079	2025.10.22 13:21	modify	444	1.49	1.16065	1.16055	1.15780	0.00	17022.00
1080	2025.10.22 15:46	t/p	444	1.49	1.15780	1.16055	1.15780	424.65	17446.65
1081	2025.10.27 10:45	buy	445	1.09	1.16315	1.16155	1.16715	0.00	17446.65
1082	2025.10.28 02:20	modify	445	1.09	1.16315	1.16325	1.16715	0.00	17446.65
1083	2025.10.28 15:07	s/l	445	1.09	1.16325	1.16325	1.16715	1.77	17448.43
1084	2025.10.28 16:30	buy	446	0.73	1.16557	1.16318	1.17155	0.00	17448.43
1085	2025.10.29 06:55	s/l	446	0.73	1.16318	1.16318	1.17155	-180.58	17267.84
1086	2025.10.29 10:15	sell	447	1.43	1.16263	1.16383	1.15963	0.00	17267.84
1087	2025.10.29 11:41	s/l	447	1.43	1.16383	1.16383	1.15963	-171.60	17096.24
1088	2025.10.29 14:45	sell	448	1.16	1.16325	1.16472	1.15958	0.00	17096.24
1089	2025.10.29 16:57	s/l	448	1.16	1.16472	1.16472	1.15958	-170.52	16925.72
1090	2025.11.03 10:15	sell	449	1.19	1.15291	1.15433	1.14936	0.00	16925.72
1091	2025.11.03 15:25	modify	449	1.19	1.15291	1.15281	1.14936	0.00	16925.72
1092	2025.11.03 18:05	s/l	449	1.19	1.15281	1.15281	1.14936	11.90	16937.62
1093	2025.11.04 11:00	sell	450	0.98	1.15136	1.15308	1.14706	0.00	16937.62
1094	2025.11.04 14:05	modify	450	0.98	1.15136	1.15126	1.14706	0.00	16937.62
1095	2025.11.05 16:03	t/p	450	0.98	1.14706	1.15126	1.14706	423.91	17361.54
1096	2025.11.06 11:00	buy	451	0.99	1.15211	1.15037	1.15646	0.00	17361.54
1097	2025.11.06 20:35	modify	451	0.99	1.15211	1.15221	1.15646	0.00	17361.54
1098	2025.11.07 14:17	t/p	451	0.99	1.15646	1.15221	1.15646	422.36	17783.90
1099	2025.11.10 09:15	buy	452	1.70	1.15595	1.15491	1.15855	0.00	17783.90
1100	2025.11.10 10:17	modify	452	1.70	1.15595	1.15605	1.15855	0.00	17783.90
1101	2025.11.10 13:02	s/l	452	1.70	1.15605	1.15605	1.15855	17.00	17800.90
1102	2025.11.10 14:15	buy	453	1.61	1.15670	1.15560	1.15945	0.00	17800.90
1103	2025.11.10 17:31	s/l	453	1.61	1.15560	1.15560	1.15945	-177.10	17623.80
1104	2025.11.11 11:30	buy	454	1.44	1.15637	1.15515	1.15942	0.00	17623.80
1105	2025.11.11 15:20	modify	454	1.44	1.15637	1.15647	1.15942	0.00	17623.80
1106	2025.11.11 15:25	t/p	454	1.44	1.15942	1.15647	1.15942	439.20	18063.00
1107	2025.11.12 14:00	buy	455	1.24	1.15779	1.15634	1.16142	0.00	18063.00
1108	2025.11.12 16:15	s/l	455	1.24	1.15634	1.15634	1.16142	-179.80	17883.20
1109	2025.11.12 16:45	buy	456	1.49	1.15727	1.15607	1.16027	0.00	17883.20
1110	2025.11.12 17:55	modify	456	1.49	1.15727	1.15737	1.16027	0.00	17883.20
1111	2025.11.13 09:40	t/p	456	1.49	1.16027	1.15737	1.16027	409.57	18292.77
1112	2025.11.13 14:45	buy	457	1.22	1.16188	1.16039	1.16561	0.00	18292.77
1113	2025.11.13 17:40	modify	457	1.22	1.16188	1.16198	1.16561	0.00	18292.77
1114	2025.11.13 19:50	t/p	457	1.22	1.16561	1.16198	1.16561	455.06	18747.83
1115	2025.11.17 10:30	sell	458	1.43	1.16041	1.16172	1.15714	0.00	18747.83
1116	2025.11.17 16:41	modify	458	1.43	1.16041	1.16031	1.15714	0.00	18747.83
1117	2025.11.18 06:26	s/l	458	1.43	1.16031	1.16031	1.15714	17.97	18765.79
1118	2025.11.18 10:00	sell	459	1.82	1.15912	1.16015	1.15655	0.00	18765.79
1119	2025.11.18 10:05	s/l	459	1.82	1.16015	1.16015	1.15655	-187.46	18578.33
1120	2025.11.18 10:45	sell	460	1.24	1.15935	1.16084	1.15563	0.00	18578.33
1121	2025.11.19 11:01	modify	460	1.24	1.15935	1.15925	1.15563	0.00	18578.33
1122	2025.11.19 16:55	t/p	460	1.24	1.15563	1.15925	1.15563	464.46	19042.80
1123	2025.11.20 10:15	sell	461	1.76	1.15128	1.15236	1.14858	0.00	19042.80
1124	2025.11.20 11:24	s/l	461	1.76	1.15236	1.15236	1.14858	-190.08	18852.72
1125	2025.11.24 10:00	sell	462	1.53	1.15123	1.15246	1.14816	0.00	18852.72
1126	2025.11.24 10:07	s/l	462	1.53	1.15246	1.15246	1.14816	-188.19	18664.53
1127	2025.12.01 09:15	buy	463	1.52	1.16003	1.15881	1.16308	0.00	18664.53
1128	2025.12.01 10:16	modify	463	1.52	1.16003	1.16013	1.16308	0.00	18664.53
1129	2025.12.01 13:24	t/p	463	1.52	1.16308	1.16013	1.16308	463.60	19128.13
1130	2025.12.04 10:00	buy	464	1.53	1.16657	1.16532	1.16970	0.00	19128.13
1131	2025.12.04 15:30	s/l	464	1.53	1.16532	1.16532	1.16970	-191.25	18936.88
1132	2025.12.08 11:00	buy	465	1.80	1.16564	1.16459	1.16827	0.00	18936.88
1133	2025.12.08 15:41	s/l	465	1.80	1.16459	1.16459	1.16827	-189.00	18747.88
1134	2025.12.09 14:15	sell	466	1.38	1.16361	1.16496	1.16024	0.00	18747.88
1135	2025.12.09 17:10	modify	466	1.38	1.16361	1.16351	1.16024	0.00	18747.88
1136	2025.12.09 17:30	s/l	466	1.38	1.16351	1.16351	1.16024	13.80	18761.68
1137	2025.12.10 16:00	buy	467	1.27	1.16406	1.16259	1.16774	0.00	18761.68
1138	2025.12.10 21:00	modify	467	1.27	1.16406	1.16416	1.16774	0.00	18761.68
1139	2025.12.10 21:35	t/p	467	1.27	1.16774	1.16416	1.16774	467.36	19229.04
1140	2025.12.11 09:30	buy	468	1.64	1.16955	1.16838	1.17248	0.00	19229.04
1141	2025.12.11 13:12	modify	468	1.64	1.16955	1.16965	1.17248	0.00	19229.04
1142	2025.12.11 15:30	t/p	468	1.64	1.17248	1.16965	1.17248	480.52	19709.56
1143	2025.12.15 11:15	buy	469	1.44	1.17420	1.17284	1.17760	0.00	19709.56
1144	2025.12.15 16:56	modify	469	1.44	1.17420	1.17430	1.17760	0.00	19709.56
1145	2025.12.15 20:21	s/l	469	1.44	1.17430	1.17430	1.17760	14.40	19723.96
1146	2025.12.16 10:15	buy	470	1.47	1.17588	1.17454	1.17923	0.00	19723.96
1147	2025.12.16 15:30	modify	470	1.47	1.17588	1.17598	1.17923	0.00	19723.96
1148	2025.12.16 15:31	t/p	470	1.47	1.17923	1.17598	1.17923	492.45	20216.41
1149	2025.12.16 16:00	buy	471	0.96	1.17758	1.17549	1.18281	0.00	20216.41
1150	2025.12.16 20:07	s/l	471	0.96	1.17549	1.17549	1.18281	-200.64	20015.77
1151	2025.12.18 10:00	sell	472	1.28	1.17336	1.17492	1.16946	0.00	20015.77
1152	2025.12.18 15:30	s/l	472	1.28	1.17492	1.17492	1.16946	-199.68	19816.09
1153	2025.12.24 11:00	buy	473	0.90	1.17995	1.17776	1.18543	0.00	19816.09
1154	2025.12.24 16:55	s/l	473	0.90	1.17776	1.17776	1.18543	-197.10	19618.99
1155	2025.12.30 11:00	sell	474	1.90	1.17669	1.17772	1.17412	0.00	19618.99
1156	2025.12.30 11:36	s/l	474	1.90	1.17772	1.17772	1.17412	-195.70	19423.29
1157	2025.12.30 16:15	sell	475	1.56	1.17574	1.17698	1.17264	0.00	19423.29
1158	2025.12.31 04:05	modify	475	1.56	1.17574	1.17564	1.17264	0.00	19423.29
1159	2025.12.31 10:35	t/p	475	1.56	1.17264	1.17564	1.17264	487.60	19910.89
1160	2026.01.05 10:45	sell	476	1.45	1.16832	1.16969	1.16490	0.00	19910.89
1161	2026.01.05 15:08	modify	476	1.45	1.16832	1.16822	1.16490	0.00	19910.89
1162	2026.01.05 16:10	s/l	476	1.45	1.16822	1.16822	1.16490	14.50	19925.39
1163	2026.01.06 16:30	sell	477	1.39	1.17053	1.17196	1.16696	0.00	19925.39
1164	2026.01.07 09:36	modify	477	1.39	1.17053	1.17043	1.16696	0.00	19925.39
1165	2026.01.08 10:40	t/p	477	1.39	1.16696	1.17043	1.16696	510.50	20435.89
1166	2026.01.08 15:45	sell	478	1.59	1.16670	1.16798	1.16350	0.00	20435.89
1167	2026.01.08 19:29	modify	478	1.59	1.16670	1.16660	1.16350	0.00	20435.89
1168	2026.01.09 15:30	t/p	478	1.59	1.16350	1.16660	1.16350	512.88	20948.77
1169	2026.01.12 14:15	buy	479	1.97	1.16842	1.16736	1.17107	0.00	20948.77
1170	2026.01.12 17:06	s/l	479	1.97	1.16736	1.16736	1.17107	-208.82	20739.95
1171	2026.01.13 08:15	sell	480	1.74	1.16572	1.16691	1.16275	0.00	20739.95
1172	2026.01.13 10:59	s/l	480	1.74	1.16691	1.16691	1.16275	-207.06	20532.89
1173	2026.01.13 11:00	buy	481	1.61	1.16691	1.16564	1.17009	0.00	20532.89
1174	2026.01.13 14:50	s/l	481	1.61	1.16564	1.16564	1.17009	-204.47	20328.42
1175	2026.01.14 15:00	buy	482	1.20	1.16598	1.16429	1.17021	0.00	20328.42
1176	2026.01.14 20:15	s/l	482	1.20	1.16429	1.16429	1.17021	-202.80	20125.62
1177	2026.01.15 09:30	sell	483	1.75	1.16270	1.16385	1.15983	0.00	20125.62
1178	2026.01.15 11:48	s/l	483	1.75	1.16385	1.16385	1.15983	-201.25	19924.37
1179	2026.01.15 15:14	sell	484	1.48	1.16236	1.16370	1.15901	0.00	19924.37
1180	2026.01.15 15:40	modify	484	1.48	1.16236	1.16226	1.15901	0.00	19924.37
1181	2026.01.16 13:49	s/l	484	1.48	1.16226	1.16226	1.15901	18.60	19942.96
1182	2026.01.19 09:15	buy	485	1.15	1.16400	1.16228	1.16830	0.00	19942.96
1183	2026.01.19 10:07	s/l	485	1.15	1.16228	1.16228	1.16830	-197.80	19745.16
1184	2026.01.19 11:45	buy	486	1.26	1.16246	1.16090	1.16636	0.00	19745.16
1185	2026.01.19 20:12	modify	486	1.26	1.16246	1.16256	1.16636	0.00	19745.16
1186	2026.01.20 06:37	t/p	486	1.26	1.16636	1.16256	1.16636	480.85	20226.01
1187	2026.01.22 10:15	sell	487	1.77	1.16865	1.16979	1.16580	0.00	20226.01
1188	2026.01.22 13:12	s/l	487	1.77	1.16979	1.16979	1.16580	-201.78	20024.23
1189	2026.01.26 09:30	buy	488	1.62	1.18607	1.18484	1.18915	0.00	20024.23
1190	2026.01.26 09:40	s/l	488	1.62	1.18484	1.18484	1.18915	-199.26	19824.97
1191	2026.01.26 11:30	buy	489	1.00	1.18597	1.18399	1.19092	0.00	19824.97
1192	2026.01.26 15:01	s/l	489	1.00	1.18399	1.18399	1.19092	-198.00	19626.97
1193	2026.01.27 11:45	buy	490	1.30	1.18717	1.18567	1.19092	0.00	19626.97
1194	2026.01.27 13:55	modify	490	1.30	1.18717	1.18727	1.19092	0.00	19626.97
1195	2026.01.27 14:15	t/p	490	1.30	1.19092	1.18727	1.19092	487.50	20114.47
1196	2026.01.28 16:45	buy	491	0.76	1.19767	1.19505	1.20422	0.00	20114.47
1197	2026.01.28 17:07	s/l	491	0.76	1.19505	1.19505	1.20422	-199.12	19915.35
1198	2026.01.29 08:30	buy	492	1.64	1.19853	1.19732	1.20156	0.00	19915.35
1199	2026.01.29 09:34	s/l	492	1.64	1.19732	1.19732	1.20156	-198.44	19716.91
1200	2026.01.29 15:00	buy	493	1.07	1.19613	1.19429	1.20073	0.00	19716.91
1201	2026.01.29 15:49	s/l	493	1.07	1.19429	1.19429	1.20073	-196.88	19520.03
1202	2026.02.03 11:15	sell	494	1.31	1.18065	1.18214	1.17693	0.00	19520.03
1203	2026.02.03 13:02	modify	494	1.31	1.18065	1.18055	1.17693	0.00	19520.03
1204	2026.02.03 15:15	s/l	494	1.31	1.18055	1.18055	1.17693	13.10	19533.13
1205	2026.02.03 15:30	sell	495	1.56	1.17961	1.18086	1.17649	0.00	19533.13
1206	2026.02.03 17:28	s/l	495	1.56	1.18086	1.18086	1.17649	-195.00	19338.13
1207	2026.02.04 16:15	sell	496	0.96	1.18076	1.18276	1.17576	0.00	19338.13
1208	2026.02.05 23:02	modify	496	0.96	1.18076	1.18066	1.17576	0.00	19338.13
1209	2026.02.06 15:49	s/l	496	0.96	1.18066	1.18066	1.17576	19.45	19357.59
1210	2026.02.10 10:00	buy	497	1.62	1.19087	1.18968	1.19385	0.00	19357.59
1211	2026.02.10 14:45	s/l	497	1.62	1.18968	1.18968	1.19385	-192.78	19164.81
1212	2026.02.10 16:15	buy	498	0.76	1.19156	1.18906	1.19781	0.00	19164.81
1213	2026.02.10 20:30	s/l	498	0.76	1.18906	1.18906	1.19781	-190.00	18974.81
1214	2026.02.11 11:45	buy	499	1.74	1.19189	1.19080	1.19462	0.00	18974.81
1215	2026.02.11 13:37	s/l	499	1.74	1.19080	1.19080	1.19462	-189.66	18785.15
1216	2026.02.12 14:00	buy	500	1.53	1.18846	1.18724	1.19151	0.00	18785.15
1217	2026.02.12 14:43	s/l	500	1.53	1.18724	1.18724	1.19151	-186.66	18598.49
1218	2026.02.12 14:45	sell	501	1.17	1.18723	1.18881	1.18328	0.00	18598.49
1219	2026.02.12 17:53	s/l	501	1.17	1.18881	1.18881	1.18328	-184.86	18413.63
1220	2026.02.16 16:45	sell	502	1.65	1.18543	1.18654	1.18266	0.00	18413.63
1221	2026.02.17 05:33	modify	502	1.65	1.18543	1.18533	1.18266	0.00	18413.63
1222	2026.02.17 13:56	t/p	502	1.65	1.18266	1.18533	1.18266	461.28	18874.91
1223	2026.02.18 15:30	sell	503	1.44	1.18374	1.18505	1.18047	0.00	18874.91
1224	2026.02.18 16:21	modify	503	1.44	1.18374	1.18364	1.18047	0.00	18874.91
1225	2026.02.18 19:38	t/p	503	1.44	1.18047	1.18364	1.18047	470.88	19345.79
1226	2026.02.23 08:15	buy	504	1.59	1.18264	1.18143	1.18567	0.00	19345.79
1227	2026.02.23 10:25	s/l	504	1.59	1.18143	1.18143	1.18567	-192.39	19153.40
1228	2026.02.25 16:00	sell	505	1.01	1.17734	1.17922	1.17264	0.00	19153.40
1229	2026.02.25 17:07	s/l	505	1.01	1.17922	1.17922	1.17264	-189.88	18963.52
1230	2026.03.02 14:15	sell	506	1.05	1.17252	1.17431	1.16805	0.00	18963.52
1231	2026.03.02 15:09	modify	506	1.05	1.17252	1.17242	1.16805	0.00	18963.52
1232	2026.03.02 17:57	t/p	506	1.05	1.16805	1.17242	1.16805	469.35	19432.87
1233	2026.03.03 15:15	sell	507	1.47	1.16041	1.16173	1.15711	0.00	19432.87
1234	2026.03.03 16:14	modify	507	1.47	1.16041	1.16031	1.15711	0.00	19432.87
1235	2026.03.03 16:26	t/p	507	1.47	1.15711	1.16031	1.15711	485.10	19917.97
1236	2026.03.04 10:30	sell	508	0.69	1.15988	1.16275	1.15271	0.00	19917.97
1237	2026.03.04 12:08	s/l	508	0.69	1.16275	1.16275	1.15271	-198.03	19719.94
1238	2026.03.04 16:00	sell	509	1.00	1.16310	1.16507	1.15818	0.00	19719.94
1239	2026.03.05 07:49	modify	509	1.00	1.16310	1.16300	1.15818	0.00	19719.94
1240	2026.03.05 10:30	t/p	509	1.00	1.15818	1.16300	1.15818	499.70	20219.64
1241	2026.03.05 15:30	sell	510	1.54	1.16132	1.16263	1.15805	0.00	20219.64
1242	2026.03.05 15:48	modify	510	1.54	1.16132	1.16122	1.15805	0.00	20219.64
1243	2026.03.05 17:27	t/p	510	1.54	1.15805	1.16122	1.15805	503.58	20723.22
1244	2026.03.10 08:15	buy	511	1.25	1.16288	1.16123	1.16701	0.00	20723.22
1245	2026.03.10 09:45	modify	511	1.25	1.16288	1.16298	1.16701	0.00	20723.22
1246	2026.03.10 12:36	s/l	511	1.25	1.16298	1.16298	1.16701	12.50	20735.72
1247	2026.03.10 15:15	buy	512	0.99	1.16419	1.16211	1.16939	0.00	20735.72
1248	2026.03.10 20:16	s/l	512	0.99	1.16211	1.16211	1.16939	-205.92	20529.80
1249	2026.03.12 14:15	sell	513	0.95	1.15467	1.15683	1.14927	0.00	20529.80
1250	2026.03.12 17:08	modify	513	0.95	1.15467	1.15457	1.14927	0.00	20529.80
1251	2026.03.13 08:35	t/p	513	0.95	1.14927	1.15457	1.14927	515.44	21045.24
1252	2026.03.17 09:15	buy	514	1.31	1.14885	1.14725	1.15285	0.00	21045.24
1253	2026.03.17 10:48	modify	514	1.31	1.14885	1.14895	1.15285	0.00	21045.24
1254	2026.03.17 15:00	t/p	514	1.31	1.15285	1.14895	1.15285	524.00	21569.24
1255	2026.03.18 11:30	buy	515	1.79	1.15350	1.15230	1.15650	0.00	21569.24
1256	2026.03.18 13:18	modify	515	1.79	1.15350	1.15360	1.15650	0.00	21569.24
1257	2026.03.18 13:27	s/l	515	1.79	1.15360	1.15360	1.15650	17.90	21587.14
1258	2026.03.19 14:30	sell	516	1.07	1.14654	1.14854	1.14154	0.00	21587.14
1259	2026.03.19 14:39	s/l	516	1.07	1.14854	1.14854	1.14154	-214.00	21373.14
1260	2026.03.23 10:45	sell	517	1.32	1.15320	1.15481	1.14918	0.00	21373.14
1261	2026.03.23 11:36	modify	517	1.32	1.15320	1.15310	1.14918	0.00	21373.14
1262	2026.03.23 11:54	t/p	517	1.32	1.14918	1.15310	1.14918	530.64	21903.78
1263	2026.03.24 09:00	buy	518	1.52	1.15914	1.15770	1.16274	0.00	21903.78
1264	2026.03.24 09:12	modify	518	1.52	1.15914	1.15924	1.16274	0.00	21903.78
1265	2026.03.24 10:20	s/l	518	1.52	1.15924	1.15924	1.16274	15.20	21918.98
1266	2026.03.24 11:45	buy	519	1.18	1.15945	1.15760	1.16408	0.00	21918.98
1267	2026.03.24 15:08	s/l	519	1.18	1.15760	1.15760	1.16408	-218.30	21700.68
1268	2026.03.25 09:15	buy	520	1.61	1.16017	1.15883	1.16352	0.00	21700.68
1269	2026.03.25 09:35	s/l	520	1.61	1.15883	1.15883	1.16352	-215.74	21484.94
1270	2026.03.25 14:15	buy	521	1.16	1.16104	1.15919	1.16567	0.00	21484.94
1271	2026.03.25 14:23	s/l	521	1.16	1.15919	1.15919	1.16567	-214.60	21270.34
1272	2026.03.26 08:00	sell	522	1.58	1.15574	1.15708	1.15239	0.00	21270.34
1273	2026.03.26 13:41	modify	522	1.58	1.15574	1.15564	1.15239	0.00	21270.34
1274	2026.03.26 13:57	t/p	522	1.58	1.15239	1.15564	1.15239	529.30	21799.64
1275	2026.03.30 10:15	sell	523	1.32	1.15056	1.15220	1.14646	0.00	21799.64
1276	2026.03.30 15:03	modify	523	1.32	1.15056	1.15046	1.14646	0.00	21799.64
1277	2026.03.30 16:52	t/p	523	1.32	1.14646	1.15046	1.14646	541.20	22340.84
1278	2026.03.31 08:15	sell	524	1.87	1.14629	1.14748	1.14332	0.00	22340.84
1279	2026.03.31 11:50	s/l	524	1.87	1.14748	1.14748	1.14332	-222.53	22118.31
1280	2026.03.31 14:00	sell	525	1.95	1.14589	1.14702	1.14307	0.00	22118.31
1281	2026.03.31 14:11	s/l	525	1.95	1.14702	1.14702	1.14307	-220.35	21897.96
1282	2026.04.01 08:30	buy	526	1.75	1.15730	1.15605	1.16043	0.00	21897.96
1283	2026.04.01 09:31	modify	526	1.75	1.15730	1.15740	1.16043	0.00	21897.96
1284	2026.04.01 11:31	t/p	526	1.75	1.16043	1.15740	1.16043	547.75	22445.71
1285	2026.04.01 15:45	buy	527	0.98	1.16144	1.15917	1.16712	0.00	22445.71
1286	2026.04.01 21:00	s/l	527	0.98	1.15917	1.15917	1.16712	-222.46	22223.25
