1	2020.04.06 09:15	sell	1	0.88	1.08149	1.08374	1.07587	0.00	10000.00
2	2020.04.06 15:45	modify	1	0.88	1.08149	1.08139	1.07587	0.00	10000.00
3	2020.04.06 18:24	s/l	1	0.88	1.08139	1.08139	1.07587	8.80	10008.80
4	2020.04.09 15:15	buy	2	1.79	1.08670	1.08475	1.09158	0.00	10008.80
5	2020.04.09 15:53	modify	2	1.79	1.08670	1.08680	1.09158	0.00	10008.80
6	2020.04.09 16:13	t/p	2	1.79	1.09158	1.08680	1.09158	873.52	10882.32
7	2020.04.13 09:30	buy	3	2.50	1.09488	1.09314	1.09923	0.00	10882.32
8	2020.04.13 11:20	s/l	3	2.50	1.09314	1.09314	1.09923	-435.00	10447.32
9	2020.04.13 15:00	buy	4	0.90	1.09303	1.09072	1.09881	0.00	10447.32
10	2020.04.13 16:29	s/l	4	0.90	1.09072	1.09072	1.09881	-207.90	10239.42
11	2020.04.20 08:45	sell	5	1.00	1.08528	1.08731	1.08021	0.00	10239.42
12	2020.04.20 11:46	s/l	5	1.00	1.08731	1.08731	1.08021	-203.00	10036.42
13	2020.04.28 10:30	buy	6	0.86	1.08307	1.08076	1.08885	0.00	10036.42
14	2020.04.28 12:20	modify	6	0.86	1.08307	1.08317	1.08885	0.00	10036.42
15	2020.04.28 17:59	s/l	6	0.86	1.08317	1.08317	1.08885	8.60	10045.02
16	2020.04.29 16:00	buy	7	3.55	1.08573	1.08375	1.09068	0.00	10045.02
17	2020.04.30 10:05	modify	7	3.55	1.08573	1.08583	1.09068	0.00	10045.02
18	2020.04.30 16:08	s/l	7	3.55	1.08583	1.08583	1.09068	-53.36	9991.66
19	2020.05.07 11:00	sell	8	0.51	1.07988	1.08182	1.07503	0.00	9991.66
20	2020.05.07 17:03	modify	8	0.51	1.07988	1.07978	1.07503	0.00	9991.66
21	2020.05.07 18:45	s/l	8	0.51	1.07978	1.07978	1.07503	5.10	9996.76
22	2020.05.12 10:45	sell	9	3.34	1.08086	1.08295	1.07564	0.00	9996.76
23	2020.05.12 13:25	s/l	9	3.34	1.08295	1.08295	1.07564	-698.06	9298.70
24	2020.05.27 11:00	buy	10	1.22	1.09651	1.09499	1.10031	0.00	9298.70
25	2020.05.27 12:03	s/l	10	1.22	1.09499	1.09499	1.10031	-185.44	9113.26
26	2020.06.08 10:00	buy	11	1.19	1.12944	1.12791	1.13327	0.00	9113.26
27	2020.06.08 13:35	s/l	11	1.19	1.12791	1.12791	1.13327	-182.07	8931.19
28	2020.06.09 09:45	sell	12	0.78	1.12753	1.12980	1.12186	0.00	8931.19
29	2020.06.09 11:19	modify	12	0.78	1.12753	1.12743	1.12186	0.00	8931.19
30	2020.06.09 13:09	s/l	12	0.78	1.12743	1.12743	1.12186	7.80	8938.99
31	2020.06.24 14:00	buy	13	3.91	1.13069	1.12909	1.13469	0.00	8938.99
32	2020.06.24 14:43	s/l	13	3.91	1.12909	1.12909	1.13469	-625.60	8313.39
33	2020.07.08 09:15	sell	14	0.92	1.12656	1.12836	1.12206	0.00	8313.39
34	2020.07.08 10:06	s/l	14	0.92	1.12836	1.12836	1.12206	-165.60	8147.79
35	2020.07.08 14:45	buy	15	1.06	1.12893	1.12740	1.13276	0.00	8147.79
36	2020.07.08 16:32	modify	15	1.06	1.12893	1.12903	1.13276	0.00	8147.79
37	2020.07.08 16:39	t/p	15	1.06	1.13276	1.12903	1.13276	405.98	8553.77
38	2020.07.14 11:45	buy	16	2.89	1.13492	1.13285	1.14010	0.00	8553.77
39	2020.07.14 14:36	modify	16	2.89	1.13492	1.13502	1.14010	0.00	8553.77
40	2020.07.14 17:29	t/p	16	2.89	1.14010	1.13502	1.14010	1497.02	10050.79
41	2020.07.16 15:00	buy	17	1.06	1.14133	1.13944	1.14606	0.00	10050.79
42	2020.07.16 17:40	modify	17	1.06	1.14133	1.14143	1.14606	0.00	10050.79
43	2020.07.16 19:39	s/l	17	1.06	1.14143	1.14143	1.14606	10.60	10061.39
44	2020.07.21 10:15	buy	18	1.64	1.14589	1.14345	1.15199	0.00	10061.39
45	2020.07.21 10:46	s/l	18	1.64	1.14345	1.14345	1.15199	-400.16	9661.23
46	2020.07.29 09:15	buy	19	1.15	1.17407	1.17240	1.17825	0.00	9661.23
47	2020.07.29 10:43	modify	19	1.15	1.17407	1.17417	1.17825	0.00	9661.23
48	2020.07.29 14:01	s/l	19	1.15	1.17417	1.17417	1.17825	11.50	9672.73
49	2020.08.17 14:45	buy	20	3.52	1.18510	1.18318	1.18990	0.00	9672.73
50	2020.08.17 16:51	modify	20	3.52	1.18510	1.18520	1.18990	0.00	9672.73
51	2020.08.18 09:33	t/p	20	3.52	1.18990	1.18520	1.18990	1660.23	11332.96
52	2020.08.27 10:45	buy	21	1.31	1.18316	1.18144	1.18746	0.00	11332.96
53	2020.08.27 13:34	s/l	21	1.31	1.18144	1.18144	1.18746	-225.32	11107.64
54	2020.09.02 09:30	sell	22	1.18	1.18965	1.19153	1.18495	0.00	11107.64
55	2020.09.02 10:32	modify	22	1.18	1.18965	1.18955	1.18495	0.00	11107.64
56	2020.09.02 14:31	t/p	22	1.18	1.18495	1.18955	1.18495	554.60	11662.24
57	2020.09.09 11:45	sell	23	3.83	1.17679	1.17892	1.17147	0.00	11662.24
58	2020.09.09 15:49	s/l	23	3.83	1.17892	1.17892	1.17147	-815.79	10846.45
59	2020.09.10 11:30	buy	24	0.59	1.18319	1.18138	1.18772	0.00	10846.45
60	2020.09.10 15:31	modify	24	0.59	1.18319	1.18329	1.18772	0.00	10846.45
61	2020.09.10 15:31	t/p	24	0.59	1.18772	1.18329	1.18772	267.27	11113.72
62	2020.09.30 15:30	buy	25	4.11	1.17154	1.16965	1.17627	0.00	11113.72
63	2020.09.30 16:38	s/l	25	4.11	1.16965	1.16965	1.17627	-776.79	10336.93
64	2020.10.12 10:45	buy	26	1.12	1.18219	1.18036	1.18677	0.00	10336.93
65	2020.10.12 12:24	s/l	26	1.12	1.18036	1.18036	1.18677	-204.96	10131.97
66	2020.10.13 16:15	sell	27	1.10	1.17823	1.18006	1.17366	0.00	10131.97
67	2020.10.13 16:39	modify	27	1.10	1.17823	1.17813	1.17366	0.00	10131.97
68	2020.10.13 18:47	t/p	27	1.10	1.17366	1.17813	1.17366	502.70	10634.67
69	2020.11.10 10:00	sell	28	3.54	1.18168	1.18378	1.17643	0.00	10634.67
70	2020.11.10 10:28	s/l	28	3.54	1.18378	1.18378	1.17643	-743.40	9891.27
71	2020.11.11 09:45	sell	29	1.26	1.18144	1.18301	1.17752	0.00	9891.27
72	2020.11.11 10:20	modify	29	1.26	1.18144	1.18134	1.17752	0.00	9891.27
73	2020.11.11 12:55	t/p	29	1.26	1.17752	1.18134	1.17752	493.92	10385.19
74	2020.11.12 16:00	buy	30	1.71	1.18095	1.17883	1.18625	0.00	10385.19
75	2020.11.12 16:29	s/l	30	1.71	1.17883	1.17883	1.18625	-362.52	10022.67
76	2020.11.19 10:30	sell	31	0.57	1.18360	1.18534	1.17925	0.00	10022.67
77	2020.11.19 20:55	s/l	31	0.57	1.18534	1.18534	1.17925	-99.18	9923.49
78	2020.11.25 15:00	buy	32	1.24	1.18959	1.18799	1.19359	0.00	9923.49
79	2020.11.25 17:39	modify	32	1.24	1.18959	1.18969	1.19359	0.00	9923.49
80	2020.11.26 08:23	t/p	32	1.24	1.19359	1.18969	1.19359	464.96	10388.45
81	2020.12.01 15:30	buy	33	3.61	1.19823	1.19622	1.20326	0.00	10388.45
82	2020.12.01 17:17	modify	33	3.61	1.19823	1.19833	1.20326	0.00	10388.45
83	2020.12.01 17:49	t/p	33	3.61	1.20326	1.19833	1.20326	1815.83	12204.28
84	2020.12.15 16:30	buy	34	2.55	1.21529	1.21338	1.22007	0.00	12204.28
85	2020.12.16 10:30	modify	34	2.55	1.21529	1.21539	1.22007	0.00	12204.28
86	2020.12.16 10:34	t/p	34	2.55	1.22007	1.21539	1.22007	1197.62	13401.90
87	2020.12.22 10:00	sell	35	3.55	1.22167	1.22318	1.21790	0.00	13401.90
88	2020.12.22 12:52	s/l	35	3.55	1.22318	1.22318	1.21790	-536.05	12865.85
89	2020.12.23 10:15	sell	36	1.34	1.21838	1.22029	1.21361	0.00	12865.85
90	2020.12.23 16:30	s/l	36	1.34	1.22029	1.22029	1.21361	-255.94	12609.91
91	2020.12.28 15:15	buy	37	1.35	1.22187	1.22001	1.22652	0.00	12609.91
92	2020.12.29 09:12	modify	37	1.35	1.22187	1.22197	1.22652	0.00	12609.91
93	2020.12.29 16:48	t/p	37	1.35	1.22652	1.22197	1.22652	616.49	13226.39
94	2020.12.31 11:00	buy	38	2.84	1.23012	1.22849	1.23420	0.00	13226.39
95	2020.12.31 11:15	s/l	38	2.84	1.22849	1.22849	1.23420	-462.92	12763.47
96	2021.01.05 10:15	buy	39	1.53	1.22697	1.22531	1.23112	0.00	12763.47
97	2021.01.05 18:45	modify	39	1.53	1.22697	1.22707	1.23112	0.00	12763.47
98	2021.01.06 02:50	t/p	39	1.53	1.23112	1.22707	1.23112	622.18	13385.66
99	2021.01.21 11:30	buy	40	2.13	1.21412	1.21193	1.21960	0.00	13385.66
100	2021.01.22 02:14	modify	40	2.13	1.21412	1.21422	1.21960	0.00	13385.66
101	2021.01.25 12:00	s/l	40	2.13	1.21422	1.21422	1.21960	-14.25	13371.41
102	2021.01.28 15:15	sell	41	0.60	1.20907	1.21129	1.20352	0.00	13371.41
103	2021.01.28 15:50	s/l	41	0.60	1.21129	1.21129	1.20352	-133.20	13238.21
104	2021.02.02 11:45	sell	42	1.30	1.20683	1.20886	1.20176	0.00	13238.21
105	2021.02.02 12:16	modify	42	1.30	1.20683	1.20673	1.20176	0.00	13238.21
106	2021.02.02 19:01	t/p	42	1.30	1.20176	1.20673	1.20176	659.10	13897.31
107	2021.02.08 09:45	buy	43	6.11	1.20459	1.20300	1.20857	0.00	13897.31
108	2021.02.08 10:29	s/l	43	6.11	1.20300	1.20300	1.20857	-971.49	12925.82
109	2021.02.08 15:45	buy	44	1.39	1.20367	1.20182	1.20830	0.00	12925.82
110	2021.02.08 17:05	modify	44	1.39	1.20367	1.20377	1.20830	0.00	12925.82
111	2021.02.08 18:21	s/l	44	1.39	1.20377	1.20377	1.20830	13.90	12939.72
112	2021.02.22 10:15	buy	45	5.48	1.21199	1.21034	1.21612	0.00	12939.72
113	2021.02.22 10:27	s/l	45	5.48	1.21034	1.21034	1.21612	-904.20	12035.52
114	2021.04.15 16:30	buy	46	0.68	1.19716	1.19541	1.20154	0.00	12035.52
115	2021.04.16 04:04	s/l	46	0.68	1.19541	1.19541	1.20154	-124.67	11910.85
116	2021.04.21 16:15	sell	47	1.56	1.20019	1.20171	1.19639	0.00	11910.85
117	2021.04.21 17:26	s/l	47	1.56	1.20171	1.20171	1.19639	-237.12	11673.73
118	2021.05.13 11:30	sell	48	0.63	1.20814	1.20997	1.20357	0.00	11673.73
119	2021.05.13 11:50	modify	48	0.63	1.20814	1.20804	1.20357	0.00	11673.73
120	2021.05.13 14:23	s/l	48	0.63	1.20804	1.20804	1.20357	6.30	11680.03
121	2021.05.27 09:30	sell	49	2.32	1.21872	1.22048	1.21432	0.00	11680.03
122	2021.05.27 10:17	s/l	49	2.32	1.22048	1.22048	1.21432	-408.32	11271.71
123	2021.05.27 16:00	sell	50	0.62	1.21861	1.22041	1.21411	0.00	11271.71
124	2021.05.27 17:17	s/l	50	0.62	1.22041	1.22041	1.21411	-111.60	11160.11
125	2021.05.31 15:00	buy	51	1.44	1.21993	1.21839	1.22378	0.00	11160.11
126	2021.05.31 17:55	modify	51	1.44	1.21993	1.22003	1.22378	0.00	11160.11
127	2021.06.01 10:30	t/p	51	1.44	1.22378	1.22003	1.22378	542.38	11702.49
128	2021.06.23 10:45	buy	52	3.31	1.19343	1.19096	1.19961	0.00	11702.49
129	2021.06.25 16:56	modify	52	3.31	1.19343	1.19353	1.19961	0.00	11702.49
130	2021.06.25 19:29	s/l	52	3.31	1.19353	1.19353	1.19961	-77.37	11625.12
131	2021.07.05 09:45	buy	53	1.46	1.18658	1.18499	1.19056	0.00	11625.12
132	2021.07.06 09:04	modify	53	1.46	1.18658	1.18668	1.19056	0.00	11625.12
133	2021.07.06 11:07	s/l	53	1.46	1.18668	1.18668	1.19056	2.42	11627.54
134	2021.07.07 16:00	sell	54	3.64	1.18159	1.18382	1.17602	0.00	11627.54
135	2021.07.07 17:32	modify	54	3.64	1.18159	1.18149	1.17602	0.00	11627.54
136	2021.07.07 21:02	s/l	54	3.64	1.18149	1.18149	1.17602	36.40	11663.94
137	2021.07.20 15:15	sell	55	2.34	1.17749	1.17948	1.17252	0.00	11663.94
138	2021.07.21 17:40	s/l	55	2.34	1.17948	1.17948	1.17252	-459.73	11204.21
139	2021.08.05 15:30	sell	56	0.64	1.18418	1.18592	1.17983	0.00	11204.21
140	2021.08.06 11:23	modify	56	0.64	1.18418	1.18408	1.17983	0.00	11204.21
141	2021.08.06 15:30	t/p	56	0.64	1.17983	1.18408	1.17983	280.02	11484.23
142	2021.08.25 16:15	buy	57	4.16	1.17433	1.17240	1.17916	0.00	11484.23
143	2021.08.25 21:13	modify	57	4.16	1.17433	1.17443	1.17916	0.00	11484.23
144	2021.08.27 03:35	s/l	57	4.16	1.17443	1.17443	1.17916	-97.24	11386.99
145	2021.09.01 15:30	buy	58	1.50	1.18263	1.18112	1.18641	0.00	11386.99
146	2021.09.01 17:45	modify	58	1.50	1.18263	1.18273	1.18641	0.00	11386.99
147	2021.09.02 17:38	t/p	58	1.50	1.18641	1.18273	1.18641	529.45	11916.44
148	2021.09.23 15:45	buy	59	2.26	1.17305	1.17121	1.17765	0.00	11916.44
149	2021.09.24 15:32	s/l	59	2.26	1.17121	1.17121	1.17765	-434.70	11481.74
150	2021.09.27 14:30	sell	60	1.49	1.16971	1.17125	1.16586	0.00	11481.74
151	2021.09.28 10:10	modify	60	1.49	1.16971	1.16961	1.16586	0.00	11481.74
152	2021.09.28 17:15	s/l	60	1.49	1.16961	1.16961	1.16586	18.68	11500.42
153	2021.10.05 16:15	sell	61	4.79	1.15887	1.16055	1.15467	0.00	11500.42
154	2021.10.05 18:13	s/l	61	4.79	1.16055	1.16055	1.15467	-804.72	10695.70
155	2021.10.25 10:45	buy	62	0.89	1.16630	1.16392	1.17225	0.00	10695.70
156	2021.10.25 12:18	s/l	62	0.89	1.16392	1.16392	1.17225	-211.82	10483.88
157	2021.11.04 16:00	sell	63	0.53	1.15534	1.15731	1.15042	0.00	10483.88
158	2021.11.05 14:30	modify	63	0.53	1.15534	1.15524	1.15042	0.00	10483.88
159	2021.11.05 17:39	s/l	63	0.53	1.15524	1.15524	1.15042	6.64	10490.53
160	2021.11.08 10:45	buy	64	3.53	1.15691	1.15483	1.16211	0.00	10490.53
161	2021.11.09 07:05	modify	64	3.53	1.15691	1.15701	1.16211	0.00	10490.53
162	2021.11.09 15:01	s/l	64	3.53	1.15701	1.15701	1.16211	5.85	10496.37
163	2021.11.15 15:00	sell	65	2.67	1.14409	1.14566	1.14017	0.00	10496.37
164	2021.11.15 18:02	modify	65	2.67	1.14409	1.14399	1.14017	0.00	10496.37
165	2021.11.15 19:24	t/p	65	2.67	1.14017	1.14399	1.14017	1046.64	11543.01
166	2021.11.18 16:30	buy	66	1.40	1.13411	1.13247	1.13821	0.00	11543.01
167	2021.11.18 19:04	modify	66	1.40	1.13411	1.13421	1.13821	0.00	11543.01
168	2021.11.19 10:01	s/l	66	1.40	1.13421	1.13421	1.13821	2.32	11545.33
169	2021.12.01 15:30	buy	67	2.34	1.13284	1.13087	1.13777	0.00	11545.33
170	2021.12.02 09:56	s/l	67	2.34	1.13087	1.13087	1.13777	-519.55	11025.78
171	2021.12.02 10:45	buy	68	0.68	1.13242	1.13080	1.13647	0.00	11025.78
172	2021.12.02 18:20	s/l	68	0.68	1.13080	1.13080	1.13647	-110.16	10915.62
173	2021.12.27 14:15	sell	69	1.35	1.13070	1.13231	1.12668	0.00	10915.62
174	2021.12.27 16:38	s/l	69	1.35	1.13231	1.13231	1.12668	-217.35	10698.27
175	2022.01.03 15:30	buy	70	1.25	1.13631	1.13461	1.14056	0.00	10698.27
176	2022.01.03 15:51	s/l	70	1.25	1.13461	1.13461	1.14056	-212.50	10485.77
177	2022.01.05 15:15	buy	71	1.37	1.13182	1.13029	1.13565	0.00	10485.77
178	2022.01.05 17:01	modify	71	1.37	1.13182	1.13192	1.13565	0.00	10485.77
179	2022.01.05 21:09	s/l	71	1.37	1.13192	1.13192	1.13565	13.70	10499.47
180	2022.01.06 16:45	buy	72	1.72	1.13256	1.13043	1.13789	0.00	10499.47
181	2022.01.06 17:26	s/l	72	1.72	1.13043	1.13043	1.13789	-366.36	10133.11
182	2022.01.20 16:30	sell	73	0.60	1.13429	1.13596	1.13012	0.00	10133.11
183	2022.01.20 20:37	modify	73	0.60	1.13429	1.13419	1.13012	0.00	10133.11
184	2022.01.21 03:03	t/p	73	0.60	1.13012	1.13419	1.13012	251.72	10384.83
185	2022.02.08 15:15	sell	74	3.95	1.14073	1.14257	1.13613	0.00	10384.83
186	2022.02.09 04:02	s/l	74	3.95	1.14257	1.14257	1.13613	-716.78	9668.04
187	2022.02.09 15:45	buy	75	1.12	1.14450	1.14278	1.14880	0.00	9668.04
188	2022.02.09 16:24	s/l	75	1.12	1.14278	1.14278	1.14880	-192.64	9475.40
189	2022.02.16 16:45	buy	76	0.99	1.13702	1.13512	1.14177	0.00	9475.40
190	2022.02.17 05:55	s/l	76	0.99	1.13512	1.13512	1.14177	-212.88	9262.52
191	2022.02.17 08:45	sell	77	0.43	1.13546	1.13760	1.13011	0.00	9262.52
192	2022.02.17 10:00	s/l	77	0.43	1.13760	1.13760	1.13011	-92.02	9170.50
193	2022.03.09 10:15	buy	78	0.89	1.09293	1.09089	1.09803	0.00	9170.50
194	2022.03.09 11:27	modify	78	0.89	1.09293	1.09303	1.09803	0.00	9170.50
195	2022.03.09 12:06	t/p	78	0.89	1.09803	1.09303	1.09803	453.90	9624.40
196	2022.03.29 09:45	buy	79	3.09	1.10025	1.09807	1.10570	0.00	9624.40
197	2022.03.29 11:53	s/l	79	3.09	1.09807	1.09807	1.10570	-673.62	8950.78
198	2022.04.07 10:15	sell	80	0.51	1.09124	1.09298	1.08689	0.00	8950.78
199	2022.04.07 11:11	modify	80	0.51	1.09124	1.09114	1.08689	0.00	8950.78
200	2022.04.07 12:20	t/p	80	0.51	1.08689	1.09114	1.08689	221.85	9172.63
201	2022.04.11 09:30	sell	81	3.91	1.08789	1.08953	1.08379	0.00	9172.63
202	2022.04.11 10:26	s/l	81	3.91	1.08953	1.08953	1.08379	-641.24	8531.39
203	2022.04.13 09:30	sell	82	0.87	1.08275	1.08469	1.07790	0.00	8531.39
204	2022.04.13 14:32	s/l	82	0.87	1.08469	1.08469	1.07790	-168.78	8362.61
205	2022.04.13 15:00	sell	83	0.90	1.08313	1.08497	1.07853	0.00	8362.61
206	2022.04.13 18:02	s/l	83	0.90	1.08497	1.08497	1.07853	-165.60	8197.01
207	2022.04.19 16:15	sell	84	1.07	1.07876	1.08028	1.07496	0.00	8197.01
208	2022.04.19 16:43	s/l	84	1.07	1.08028	1.08028	1.07496	-162.64	8034.37
209	2022.04.20 11:30	buy	85	1.03	1.08193	1.08037	1.08583	0.00	8034.37
210	2022.04.20 12:09	modify	85	1.03	1.08193	1.08203	1.08583	0.00	8034.37
211	2022.04.20 12:38	t/p	85	1.03	1.08583	1.08203	1.08583	401.70	8436.07
212	2022.04.21 08:15	buy	86	1.65	1.08450	1.08272	1.08895	0.00	8436.07
213	2022.04.21 09:30	modify	86	1.65	1.08450	1.08460	1.08895	0.00	8436.07
214	2022.04.21 09:41	t/p	86	1.65	1.08895	1.08460	1.08895	734.25	9170.32
215	2022.05.03 08:00	sell	87	1.49	1.05017	1.05263	1.04402	0.00	9170.32
216	2022.05.03 10:36	s/l	87	1.49	1.05263	1.05263	1.04402	-366.54	8803.78
217	2022.05.04 15:30	buy	88	0.88	1.05412	1.05213	1.05910	0.00	8803.78
218	2022.05.04 21:01	modify	88	0.88	1.05412	1.05422	1.05910	0.00	8803.78
219	2022.05.04 21:10	s/l	88	0.88	1.05422	1.05422	1.05910	8.80	8812.58
220	2022.05.18 15:15	buy	89	3.19	1.05222	1.05029	1.05705	0.00	8812.58
221	2022.05.18 17:31	s/l	89	3.19	1.05029	1.05029	1.05705	-615.67	8196.91
222	2022.05.26 10:45	buy	90	0.40	1.06934	1.06734	1.07434	0.00	8196.91
223	2022.05.26 18:13	modify	90	0.40	1.06934	1.06944	1.07434	0.00	8196.91
224	2022.05.27 04:33	t/p	90	0.40	1.07434	1.06944	1.07434	196.66	8393.58
225	2022.06.01 16:45	sell	91	2.96	1.07130	1.07328	1.06635	0.00	8393.58
226	2022.06.01 17:04	modify	91	2.96	1.07130	1.07120	1.06635	0.00	8393.58
227	2022.06.01 17:18	t/p	91	2.96	1.06635	1.07120	1.06635	1465.20	9858.78
228	2022.06.08 11:45	sell	92	1.96	1.06769	1.06970	1.06267	0.00	9858.78
229	2022.06.08 12:30	s/l	92	1.96	1.06970	1.06970	1.06267	-393.96	9464.82
230	2022.06.21 09:45	buy	93	1.23	1.05279	1.05126	1.05662	0.00	9464.82
231	2022.06.21 10:16	modify	93	1.23	1.05279	1.05289	1.05662	0.00	9464.82
232	2022.06.21 11:19	t/p	93	1.23	1.05662	1.05289	1.05662	471.09	9935.91
233	2022.06.22 16:00	buy	94	3.86	1.05310	1.05130	1.05760	0.00	9935.91
234	2022.06.22 16:41	modify	94	3.86	1.05310	1.05320	1.05760	0.00	9935.91
235	2022.06.22 17:37	t/p	94	3.86	1.05760	1.05320	1.05760	1737.00	11672.91
236	2022.06.27 10:00	buy	95	2.88	1.05686	1.05524	1.06091	0.00	11672.91
237	2022.06.27 17:48	modify	95	2.88	1.05686	1.05696	1.06091	0.00	11672.91
238	2022.06.27 18:15	t/p	95	2.88	1.06091	1.05696	1.06091	1166.40	12839.31
239	2022.06.28 11:30	buy	96	3.33	1.05880	1.05726	1.06265	0.00	12839.31
240	2022.06.28 14:52	s/l	96	3.33	1.05726	1.05726	1.06265	-512.82	12326.49
241	2022.07.13 10:00	sell	97	1.61	1.00335	1.00488	0.99953	0.00	12326.49
242	2022.07.13 10:00	s/l	97	1.61	1.00488	1.00488	0.99953	-246.33	12080.16
243	2022.07.19 08:15	buy	98	1.27	1.01413	1.01223	1.01888	0.00	12080.16
244	2022.07.19 10:00	modify	98	1.27	1.01413	1.01423	1.01888	0.00	12080.16
245	2022.07.19 10:29	t/p	98	1.27	1.01888	1.01423	1.01888	603.25	12683.41
246	2022.08.01 09:45	buy	99	5.72	1.02270	1.02115	1.02658	0.00	12683.41
247	2022.08.01 11:33	modify	99	5.72	1.02270	1.02280	1.02658	0.00	12683.41
248	2022.08.01 11:41	t/p	99	5.72	1.02658	1.02280	1.02658	2219.36	14902.77
249	2022.08.03 16:15	sell	100	3.02	1.01762	1.01959	1.01270	0.00	14902.77
250	2022.08.03 17:01	modify	100	3.02	1.01762	1.01752	1.01270	0.00	14902.77
251	2022.08.03 17:35	t/p	100	3.02	1.01270	1.01752	1.01270	1485.84	16388.61
252	2022.08.08 14:15	buy	101	3.10	1.01999	1.01788	1.02527	0.00	16388.61
253	2022.08.09 11:30	modify	101	3.10	1.01999	1.02009	1.02527	0.00	16388.61
254	2022.08.10 14:53	t/p	101	3.10	1.02527	1.02009	1.02527	1585.07	17973.67
255	2022.08.11 09:15	buy	102	2.30	1.02897	1.02741	1.03287	0.00	17973.67
256	2022.08.11 09:58	modify	102	2.30	1.02897	1.02907	1.03287	0.00	17973.67
257	2022.08.11 10:33	t/p	102	2.30	1.03287	1.02907	1.03287	897.00	18870.67
258	2022.08.17 09:15	sell	103	4.90	1.01733	1.01887	1.01348	0.00	18870.67
259	2022.08.17 10:20	modify	103	4.90	1.01733	1.01723	1.01348	0.00	18870.67
260	2022.08.17 11:27	s/l	103	4.90	1.01723	1.01723	1.01348	49.00	18919.67
261	2022.08.17 14:30	sell	104	3.84	1.01597	1.01794	1.01105	0.00	18919.67
262	2022.08.17 17:04	s/l	104	3.84	1.01794	1.01794	1.01105	-756.48	18163.19
263	2022.08.18 09:00	sell	105	1.12	1.01644	1.01806	1.01239	0.00	18163.19
264	2022.08.18 13:09	s/l	105	1.12	1.01806	1.01806	1.01239	-181.44	17981.75
265	2022.08.18 15:45	sell	106	0.76	1.01654	1.01889	1.01067	0.00	17981.75
266	2022.08.18 16:45	modify	106	0.76	1.01654	1.01644	1.01067	0.00	17981.75
267	2022.08.18 19:17	t/p	106	0.76	1.01067	1.01644	1.01067	446.12	18427.87
268	2022.08.24 09:00	sell	107	6.97	0.99430	0.99615	0.98968	0.00	18427.87
269	2022.08.24 15:45	modify	107	6.97	0.99430	0.99420	0.98968	0.00	18427.87
270	2022.08.24 17:46	s/l	107	6.97	0.99420	0.99420	0.98968	69.70	18497.57
271	2022.10.17 10:15	buy	108	4.11	0.97468	0.97288	0.97918	0.00	18497.57
272	2022.10.17 11:32	s/l	108	4.11	0.97288	0.97288	0.97918	-739.80	17757.77
273	2022.10.25 11:15	buy	109	1.59	0.98730	0.98507	0.99288	0.00	17757.77
274	2022.10.25 14:05	s/l	109	1.59	0.98507	0.98507	0.99288	-354.57	17403.20
275	2022.10.25 16:00	buy	110	1.68	0.98748	0.98542	0.99263	0.00	17403.20
276	2022.10.25 16:16	modify	110	1.68	0.98748	0.98758	0.99263	0.00	17403.20
277	2022.10.25 16:24	t/p	110	1.68	0.99263	0.98758	0.99263	865.20	18268.40
278	2022.11.01 11:15	sell	111	5.65	0.99183	0.99409	0.98618	0.00	18268.40
279	2022.11.01 12:26	s/l	111	5.65	0.99409	0.99409	0.98618	-1276.90	16991.50
280	2022.11.17 09:45	buy	112	0.90	1.03868	1.03681	1.04336	0.00	16991.50
281	2022.11.17 11:34	s/l	112	0.90	1.03681	1.03681	1.04336	-168.30	16823.20
282	2022.12.06 10:30	sell	113	1.50	1.04892	1.05116	1.04332	0.00	16823.20
283	2022.12.06 13:20	s/l	113	1.50	1.05116	1.05116	1.04332	-336.00	16487.20
284	2022.12.08 11:00	buy	114	1.00	1.05268	1.05104	1.05678	0.00	16487.20
285	2022.12.08 11:20	s/l	114	1.00	1.05104	1.05104	1.05678	-164.00	16323.20
286	2022.12.13 08:00	buy	115	1.85	1.05518	1.05342	1.05958	0.00	16323.20
287	2022.12.13 10:49	s/l	115	1.85	1.05342	1.05342	1.05958	-325.60	15997.60
288	2022.12.15 08:30	buy	116	1.04	1.06600	1.06447	1.06983	0.00	15997.60
289	2022.12.15 09:44	s/l	116	1.04	1.06447	1.06447	1.06983	-159.12	15838.48
290	2022.12.21 11:00	buy	117	1.59	1.06346	1.06147	1.06844	0.00	15838.48
291	2022.12.21 11:37	s/l	117	1.59	1.06147	1.06147	1.06844	-316.41	15522.07
292	2022.12.21 14:30	buy	118	1.81	1.06196	1.06025	1.06624	0.00	15522.07
293	2022.12.21 16:44	s/l	118	1.81	1.06025	1.06025	1.06624	-309.51	15212.56
294	2022.12.22 11:45	buy	119	1.01	1.06419	1.06269	1.06794	0.00	15212.56
295	2022.12.22 13:00	s/l	119	1.01	1.06269	1.06269	1.06794	-151.50	15061.06
296	2022.12.22 15:00	buy	120	0.67	1.06371	1.06147	1.06931	0.00	15061.06
297	2022.12.22 15:34	s/l	120	0.67	1.06147	1.06147	1.06931	-150.08	14910.98
298	2022.12.26 15:15	buy	121	1.87	1.06300	1.06141	1.06698	0.00	14910.98
299	2022.12.27 04:01	modify	121	1.87	1.06300	1.06310	1.06698	0.00	14910.98
300	2022.12.27 15:00	s/l	121	1.87	1.06310	1.06310	1.06698	3.10	14914.08
301	2022.12.28 16:30	buy	122	4.66	1.06541	1.06317	1.07101	0.00	14914.08
302	2022.12.28 17:36	s/l	122	4.66	1.06317	1.06317	1.07101	-1043.84	13870.24
303	2023.01.04 15:30	buy	123	1.32	1.06138	1.05929	1.06661	0.00	13870.24
304	2023.01.04 17:04	s/l	123	1.32	1.05929	1.05929	1.06661	-275.88	13594.36
305	2023.01.05 08:15	buy	124	0.69	1.06197	1.06001	1.06687	0.00	13594.36
306	2023.01.05 09:44	s/l	124	0.69	1.06001	1.06001	1.06687	-135.24	13459.12
307	2023.01.05 11:45	buy	125	0.74	1.06257	1.06076	1.06710	0.00	13459.12
308	2023.01.05 13:24	s/l	125	0.74	1.06076	1.06076	1.06710	-133.94	13325.18
309	2023.01.11 11:30	buy	126	1.14	1.07468	1.07235	1.08051	0.00	13325.18
310	2023.01.12 15:28	modify	126	1.14	1.07468	1.07478	1.08051	0.00	13325.18
311	2023.01.12 15:28	t/p	126	1.14	1.08051	1.07478	1.08051	636.08	13961.26
312	2023.01.17 09:45	buy	127	6.10	1.08260	1.08100	1.08660	0.00	13961.26
313	2023.01.17 12:28	s/l	127	6.10	1.08100	1.08100	1.08660	-976.00	12985.26
314	2023.01.24 15:00	sell	128	1.39	1.08598	1.08784	1.08133	0.00	12985.26
315	2023.01.24 15:26	s/l	128	1.39	1.08784	1.08784	1.08133	-258.54	12726.72
316	2023.01.30 09:30	sell	129	1.68	1.08567	1.08718	1.08190	0.00	12726.72
317	2023.01.30 10:00	s/l	129	1.68	1.08718	1.08718	1.08190	-253.68	12473.04
318	2023.02.08 15:00	sell	130	1.42	1.07338	1.07513	1.06901	0.00	12473.04
319	2023.02.09 10:23	s/l	130	1.42	1.07513	1.07513	1.06901	-237.70	12235.35
320	2023.02.15 14:00	sell	131	1.60	1.07111	1.07263	1.06731	0.00	12235.35
321	2023.02.15 15:30	modify	131	1.60	1.07111	1.07101	1.06731	0.00	12235.35
322	2023.02.15 16:23	t/p	131	1.60	1.06731	1.07101	1.06731	608.00	12843.35
323	2023.02.16 10:30	buy	132	2.40	1.07194	1.07007	1.07662	0.00	12843.35
324	2023.02.16 10:54	s/l	132	2.40	1.07007	1.07007	1.07662	-448.80	12394.55
325	2023.02.20 15:45	buy	133	1.44	1.06855	1.06684	1.07283	0.00	12394.55
326	2023.02.21 03:13	s/l	133	1.44	1.06684	1.06684	1.07283	-258.26	12136.29
327	2023.02.21 16:00	sell	134	1.29	1.06529	1.06716	1.06062	0.00	12136.29
328	2023.02.21 16:35	s/l	134	1.29	1.06716	1.06716	1.06062	-241.23	11895.06
329	2023.02.23 09:30	sell	135	0.69	1.06124	1.06296	1.05694	0.00	11895.06
330	2023.02.23 13:22	modify	135	0.69	1.06124	1.06114	1.05694	0.00	11895.06
331	2023.02.23 14:29	s/l	135	0.69	1.06114	1.06114	1.05694	6.90	11901.96
332	2023.03.09 16:00	buy	136	1.75	1.05744	1.05506	1.06339	0.00	11901.96
333	2023.03.10 15:30	modify	136	1.75	1.05744	1.05754	1.06339	0.00	11901.96
334	2023.03.10 15:42	t/p	136	1.75	1.06339	1.05754	1.06339	1026.65	12928.61
335	2023.03.14 11:45	buy	137	2.95	1.07069	1.06894	1.07507	0.00	12928.61
336	2023.03.14 14:30	modify	137	2.95	1.07069	1.07079	1.07507	0.00	12928.61
337	2023.03.14 14:35	s/l	137	2.95	1.07079	1.07079	1.07507	29.50	12958.11
338	2023.03.16 11:30	sell	138	1.27	1.06092	1.06296	1.05582	0.00	12958.11
339	2023.03.16 14:43	modify	138	1.27	1.06092	1.06082	1.05582	0.00	12958.11
340	2023.03.16 15:15	s/l	138	1.27	1.06082	1.06082	1.05582	12.70	12970.81
341	2023.03.27 10:30	sell	139	2.33	1.07620	1.07842	1.07065	0.00	12970.81
342	2023.03.27 16:24	s/l	139	2.33	1.07842	1.07842	1.07065	-517.26	12453.55
343	2023.03.29 16:00	buy	140	1.47	1.08539	1.08370	1.08962	0.00	12453.55
344	2023.03.29 16:23	s/l	140	1.47	1.08370	1.08370	1.08962	-248.43	12205.12
345	2023.04.04 09:30	buy	141	1.29	1.08998	1.08810	1.09468	0.00	12205.12
346	2023.04.04 10:52	modify	141	1.29	1.08998	1.09008	1.09468	0.00	12205.12
347	2023.04.04 14:59	s/l	141	1.29	1.09008	1.09008	1.09468	12.90	12218.02
348	2023.04.05 15:30	buy	142	5.15	1.09522	1.09356	1.09937	0.00	12218.02
349	2023.04.05 17:10	s/l	142	5.15	1.09356	1.09356	1.09937	-854.90	11363.12
350	2023.04.10 14:30	sell	143	1.27	1.08936	1.09114	1.08491	0.00	11363.12
351	2023.04.10 15:09	modify	143	1.27	1.08936	1.08926	1.08491	0.00	11363.12
352	2023.04.10 15:59	t/p	143	1.27	1.08491	1.08926	1.08491	565.15	11928.27
353	2023.04.11 10:15	buy	144	5.09	1.08954	1.08790	1.09364	0.00	11928.27
354	2023.04.11 12:32	modify	144	5.09	1.08954	1.08964	1.09364	0.00	11928.27
355	2023.04.11 20:12	s/l	144	5.09	1.08964	1.08964	1.09364	50.90	11979.17
356	2023.04.19 10:45	sell	145	2.92	1.09581	1.09745	1.09171	0.00	11979.17
357	2023.04.19 12:32	modify	145	2.92	1.09581	1.09571	1.09171	0.00	11979.17
358	2023.04.19 16:07	s/l	145	2.92	1.09571	1.09571	1.09171	29.20	12008.37
359	2023.05.02 11:00	sell	146	2.10	1.09858	1.10086	1.09288	0.00	12008.37
360	2023.05.02 12:58	modify	146	2.10	1.09858	1.09848	1.09288	0.00	12008.37
361	2023.05.02 17:35	s/l	146	2.10	1.09848	1.09848	1.09288	21.00	12029.37
362	2023.05.10 11:00	sell	147	2.41	1.09646	1.09845	1.09149	0.00	12029.37
363	2023.05.10 15:31	s/l	147	2.41	1.09845	1.09845	1.09149	-479.59	11549.78
364	2023.05.16 16:45	buy	148	1.43	1.08878	1.08717	1.09281	0.00	11549.78
365	2023.05.16 17:04	s/l	148	1.43	1.08717	1.08717	1.09281	-230.23	11319.55
366	2023.05.22 09:30	buy	149	1.42	1.08212	1.08053	1.08610	0.00	11319.55
367	2023.05.22 10:13	s/l	149	1.42	1.08053	1.08053	1.08610	-225.78	11093.77
368	2023.05.24 16:45	sell	150	1.16	1.07770	1.07961	1.07293	0.00	11093.77
369	2023.05.25 00:03	modify	150	1.16	1.07770	1.07760	1.07293	0.00	11093.77
370	2023.05.25 09:08	t/p	150	1.16	1.07293	1.07760	1.07293	562.15	11655.91
371	2023.06.01 10:30	sell	151	2.50	1.06724	1.06887	1.06317	0.00	11655.91
372	2023.06.01 12:03	s/l	151	2.50	1.06887	1.06887	1.06317	-407.50	11248.41
373	2023.06.15 11:00	buy	152	0.54	1.08272	1.08065	1.08790	0.00	11248.41
374	2023.06.15 15:30	modify	152	0.54	1.08272	1.08282	1.08790	0.00	11248.41
375	2023.06.15 15:41	t/p	152	0.54	1.08790	1.08282	1.08790	279.72	11528.13
376	2023.06.21 16:00	buy	153	4.24	1.09252	1.09062	1.09727	0.00	11528.13
377	2023.06.21 17:35	modify	153	4.24	1.09252	1.09262	1.09727	0.00	11528.13
378	2023.06.21 19:51	t/p	153	4.24	1.09727	1.09262	1.09727	2014.00	13542.13
379	2023.07.06 16:30	buy	154	1.15	1.08860	1.08626	1.09445	0.00	13542.13
380	2023.07.06 17:06	s/l	154	1.15	1.08626	1.08626	1.09445	-269.10	13273.03
381	2023.07.19 09:15	sell	155	1.36	1.12182	1.12377	1.11695	0.00	13273.03
382	2023.07.19 12:18	s/l	155	1.36	1.12377	1.12377	1.11695	-265.20	13007.83
383	2023.07.20 10:45	sell	156	0.61	1.12018	1.12230	1.11488	0.00	13007.83
384	2023.07.20 17:09	modify	156	0.61	1.12018	1.12008	1.11488	0.00	13007.83
385	2023.07.20 17:30	t/p	156	0.61	1.11488	1.12008	1.11488	323.30	13331.13
386	2023.07.24 10:30	sell	157	3.74	1.11241	1.11490	1.10619	0.00	13331.13
387	2023.07.24 10:32	modify	157	3.74	1.11241	1.11231	1.10619	0.00	13331.13
388	2023.07.24 22:41	t/p	157	3.74	1.10619	1.11231	1.10619	2326.28	15657.41
389	2023.07.27 10:15	buy	158	1.53	1.11082	1.10878	1.11592	0.00	15657.41
390	2023.07.27 11:56	modify	158	1.53	1.11082	1.11092	1.11592	0.00	15657.41
391	2023.07.27 15:17	s/l	158	1.53	1.11092	1.11092	1.11592	15.30	15672.71
392	2023.08.02 09:15	sell	159	3.91	1.09833	1.09993	1.09433	0.00	15672.71
393	2023.08.02 15:40	modify	159	3.91	1.09833	1.09823	1.09433	0.00	15672.71
394	2023.08.02 17:09	t/p	159	3.91	1.09433	1.09823	1.09433	1564.00	17236.71
395	2023.08.03 15:30	sell	160	1.50	1.09279	1.09508	1.08707	0.00	17236.71
396	2023.08.03 15:41	s/l	160	1.50	1.09508	1.09508	1.08707	-343.50	16893.21
397	2023.08.29 10:30	buy	161	1.90	1.08241	1.08064	1.08684	0.00	16893.21
398	2023.08.29 12:07	s/l	161	1.90	1.08064	1.08064	1.08684	-336.30	16556.91
399	2023.09.12 16:00	sell	162	2.09	1.07073	1.07231	1.06678	0.00	16556.91
400	2023.09.12 18:08	s/l	162	2.09	1.07231	1.07231	1.06678	-330.22	16226.69
401	2023.09.20 16:15	buy	163	1.69	1.07094	1.06902	1.07574	0.00	16226.69
402	2023.09.20 21:01	s/l	163	1.69	1.06902	1.06902	1.07574	-324.48	15902.21
403	2023.09.25 15:00	sell	164	2.10	1.06305	1.06456	1.05928	0.00	15902.21
404	2023.09.25 16:31	modify	164	2.10	1.06305	1.06295	1.05928	0.00	15902.21
405	2023.09.25 17:07	t/p	164	2.10	1.05928	1.06295	1.05928	791.70	16693.91
406	2023.10.10 11:15	buy	165	4.67	1.05824	1.05574	1.06449	0.00	16693.91
407	2023.10.10 19:03	modify	165	4.67	1.05824	1.05834	1.06449	0.00	16693.91
408	2023.10.11 15:30	s/l	165	4.67	1.05834	1.05834	1.06449	7.73	16701.65
409	2023.11.02 10:45	buy	166	1.91	1.06065	1.05891	1.06500	0.00	16701.65
410	2023.11.02 12:41	modify	166	1.91	1.06065	1.06075	1.06500	0.00	16701.65
411	2023.11.02 14:14	t/p	166	1.91	1.06500	1.06075	1.06500	830.85	17532.50
412	2023.11.21 16:15	buy	167	3.91	1.09548	1.09369	1.09996	0.00	17532.50
413	2023.11.21 17:53	s/l	167	3.91	1.09369	1.09369	1.09996	-699.89	16832.61
414	2023.11.22 10:30	sell	168	1.59	1.09005	1.09216	1.08478	0.00	16832.61
415	2023.11.22 17:00	modify	168	1.59	1.09005	1.08995	1.08478	0.00	16832.61
416	2023.11.23 04:12	s/l	168	1.59	1.08995	1.08995	1.08478	28.00	16860.60
417	2023.11.28 15:30	buy	169	7.06	1.09600	1.09433	1.10018	0.00	16860.60
418	2023.11.28 17:04	modify	169	7.06	1.09600	1.09610	1.10018	0.00	16860.60
419	2023.11.28 17:43	t/p	169	7.06	1.10018	1.09610	1.10018	2951.08	19811.68
420	2023.12.04 15:45	sell	170	4.86	1.08617	1.08780	1.08210	0.00	19811.68
421	2023.12.04 16:12	modify	170	4.86	1.08617	1.08607	1.08210	0.00	19811.68
422	2023.12.04 16:20	t/p	170	4.86	1.08210	1.08607	1.08210	1978.02	21789.70
423	2024.01.08 10:15	sell	171	4.76	1.09323	1.09506	1.08866	0.00	21789.70
424	2024.01.08 13:21	s/l	171	4.76	1.09506	1.09506	1.08866	-871.08	20918.62
425	2024.01.09 11:15	sell	172	2.71	1.09385	1.09539	1.09000	0.00	20918.62
426	2024.01.09 18:03	modify	172	2.71	1.09385	1.09375	1.09000	0.00	20918.62
427	2024.01.09 19:27	s/l	172	2.71	1.09375	1.09375	1.09000	27.10	20945.72
428	2024.01.15 15:15	sell	173	9.58	1.09459	1.09612	1.09077	0.00	20945.72
429	2024.01.16 02:55	modify	173	9.58	1.09459	1.09449	1.09077	0.00	20945.72
430	2024.01.16 10:32	t/p	173	9.58	1.09077	1.09449	1.09077	3683.85	24629.58
431	2024.01.18 11:30	buy	174	2.52	1.08942	1.08747	1.09430	0.00	24629.58
432	2024.01.18 14:58	s/l	174	2.52	1.08747	1.08747	1.09430	-491.40	24138.18
433	2024.01.24 11:15	buy	175	2.00	1.08847	1.08606	1.09450	0.00	24138.18
434	2024.01.24 15:50	modify	175	2.00	1.08847	1.08857	1.09450	0.00	24138.18
435	2024.01.24 21:19	s/l	175	2.00	1.08857	1.08857	1.09450	20.00	24158.18
436	2024.02.29 16:15	buy	176	4.33	1.08463	1.08268	1.08951	0.00	24158.18
437	2024.02.29 17:52	s/l	176	4.33	1.08268	1.08268	1.08951	-844.35	23313.83
438	2024.04.17 16:15	buy	177	2.98	1.06450	1.06294	1.06840	0.00	23313.83
439	2024.04.17 20:58	modify	177	2.98	1.06450	1.06460	1.06840	0.00	23313.83
440	2024.04.18 09:04	t/p	177	2.98	1.06840	1.06460	1.06840	1087.60	24401.43
441	2024.05.29 16:15	sell	178	9.03	1.08387	1.08576	1.07915	0.00	24401.43
442	2024.05.29 18:31	modify	178	9.03	1.08387	1.08377	1.07915	0.00	24401.43
443	2024.05.30 08:23	t/p	178	9.03	1.07915	1.08377	1.07915	4330.86	28732.29
444	2024.07.08 09:45	buy	179	7.18	1.08286	1.08126	1.08686	0.00	28732.29
445	2024.07.09 14:39	s/l	179	7.18	1.08126	1.08126	1.08686	-1208.71	27523.58
446	2024.07.25 16:30	sell	180	1.66	1.08402	1.08567	1.07990	0.00	27523.58
447	2024.07.25 17:50	s/l	180	1.66	1.08567	1.08567	1.07990	-273.90	27249.68
448	2024.07.31 15:30	buy	181	3.13	1.08404	1.08230	1.08839	0.00	27249.68
449	2024.07.31 17:47	s/l	181	3.13	1.08230	1.08230	1.08839	-544.62	26705.06
450	2024.08.01 16:15	sell	182	1.25	1.07890	1.08102	1.07360	0.00	26705.06
451	2024.08.01 17:00	s/l	182	1.25	1.08102	1.08102	1.07360	-265.00	26440.06
452	2024.08.22 11:15	buy	183	1.28	1.11458	1.11253	1.11971	0.00	26440.06
453	2024.08.22 16:45	s/l	183	1.28	1.11253	1.11253	1.11971	-262.40	26177.66
454	2024.08.28 11:30	sell	184	3.04	1.11438	1.11610	1.11008	0.00	26177.66
455	2024.08.28 14:57	modify	184	3.04	1.11438	1.11428	1.11008	0.00	26177.66
456	2024.08.29 11:04	t/p	184	3.04	1.11008	1.11428	1.11008	1330.33	27507.99
457	2024.09.24 15:15	buy	185	11.13	1.11373	1.11200	1.11806	0.00	27507.99
458	2024.09.24 17:28	modify	185	11.13	1.11373	1.11383	1.11806	0.00	27507.99
459	2024.09.24 23:56	t/p	185	11.13	1.11806	1.11383	1.11806	4819.29	32327.28
460	2024.09.26 16:15	sell	186	2.79	1.11409	1.11640	1.10832	0.00	32327.28
461	2024.09.26 17:43	s/l	186	2.79	1.11640	1.11640	1.10832	-644.49	31682.79
462	2024.10.24 16:15	buy	187	2.03	1.08021	1.07865	1.08411	0.00	31682.79
463	2024.10.24 21:50	modify	187	2.03	1.08021	1.08031	1.08411	0.00	31682.79
464	2024.10.25 19:50	s/l	187	2.03	1.08031	1.08031	1.08411	3.36	31686.15
465	2024.10.30 15:45	buy	188	10.31	1.08308	1.08093	1.08846	0.00	31686.15
466	2024.10.30 17:44	modify	188	10.31	1.08308	1.08318	1.08846	0.00	31686.15
467	2024.10.31 14:41	t/p	188	10.31	1.08846	1.08318	1.08846	5288.70	36974.85
468	2024.10.31 16:30	buy	189	3.36	1.08715	1.08495	1.09265	0.00	36974.85
469	2024.10.31 17:51	s/l	189	3.36	1.08495	1.08495	1.09265	-739.20	36235.65
470	2024.11.13 16:30	sell	190	3.50	1.06206	1.06413	1.05689	0.00	36235.65
471	2024.11.13 16:52	modify	190	3.50	1.06206	1.06196	1.05689	0.00	36235.65
472	2024.11.13 17:06	t/p	190	3.50	1.05689	1.06196	1.05689	1809.50	38045.15
473	2024.11.18 15:30	buy	191	14.87	1.05572	1.05393	1.06020	0.00	38045.15
474	2024.11.18 18:58	modify	191	14.87	1.05572	1.05582	1.06020	0.00	38045.15
475	2024.11.18 21:06	t/p	191	14.87	1.06020	1.05582	1.06020	6661.76	44706.91
476	2024.11.21 16:15	sell	192	5.41	1.05245	1.05410	1.04833	0.00	44706.91
477	2024.11.21 17:08	s/l	192	5.41	1.05410	1.05410	1.04833	-892.65	43814.26
478	2024.11.26 10:00	sell	193	5.65	1.04719	1.04874	1.04332	0.00	43814.26
479	2024.11.26 10:21	s/l	193	5.65	1.04874	1.04874	1.04332	-875.75	42938.51
480	2024.11.28 16:45	buy	194	2.84	1.05445	1.05294	1.05823	0.00	42938.51
481	2024.11.29 02:36	modify	194	2.84	1.05445	1.05455	1.05823	0.00	42938.51
482	2024.11.29 09:00	t/p	194	2.84	1.05823	1.05455	1.05823	1049.82	43988.34
483	2024.12.02 09:15	sell	195	14.18	1.05174	1.05391	1.04632	0.00	43988.34
484	2024.12.02 16:42	modify	195	14.18	1.05174	1.05164	1.04632	0.00	43988.34
485	2024.12.02 17:02	t/p	195	14.18	1.04632	1.05164	1.04632	7685.56	51673.90
486	2024.12.03 16:00	buy	196	13.50	1.05244	1.05091	1.05627	0.00	51673.90
487	2024.12.03 17:00	s/l	196	13.50	1.05091	1.05091	1.05627	-2065.50	49608.40
488	2024.12.04 10:45	sell	197	5.27	1.04980	1.05168	1.04510	0.00	49608.40
489	2024.12.04 17:00	s/l	197	5.27	1.05168	1.05168	1.04510	-990.76	48617.64
490	2024.12.05 11:45	buy	198	3.21	1.05342	1.05191	1.05720	0.00	48617.64
491	2024.12.05 15:30	modify	198	3.21	1.05342	1.05352	1.05720	0.00	48617.64
492	2024.12.05 16:00	t/p	198	3.21	1.05720	1.05352	1.05720	1213.38	49831.02
493	2025.01.02 11:45	sell	199	10.63	1.03557	1.03721	1.03147	0.00	49831.02
494	2025.01.02 12:48	modify	199	10.63	1.03557	1.03547	1.03147	0.00	49831.02
495	2025.01.02 12:49	t/p	199	10.63	1.03147	1.03547	1.03147	4358.30	54189.32
496	2025.01.14 16:30	buy	200	9.10	1.02652	1.02414	1.03247	0.00	54189.32
497	2025.01.14 18:16	modify	200	9.10	1.02652	1.02662	1.03247	0.00	54189.32
498	2025.01.15 15:30	t/p	200	9.10	1.03247	1.02662	1.03247	5338.57	59527.89
499	2025.01.27 09:45	buy	201	12.94	1.04703	1.04519	1.05163	0.00	59527.89
500	2025.01.27 12:05	modify	201	12.94	1.04703	1.04713	1.05163	0.00	59527.89
501	2025.01.27 13:13	t/p	201	12.94	1.05163	1.04713	1.05163	5952.40	65480.29
502	2025.01.30 11:15	sell	202	8.03	1.04097	1.04260	1.03690	0.00	65480.29
503	2025.01.30 15:53	s/l	202	8.03	1.04260	1.04260	1.03690	-1308.89	64171.40
504	2025.02.04 15:15	buy	203	8.33	1.03361	1.03207	1.03746	0.00	64171.40
505	2025.02.04 16:18	modify	203	8.33	1.03361	1.03371	1.03746	0.00	64171.40
506	2025.02.04 17:00	t/p	203	8.33	1.03746	1.03371	1.03746	3207.05	67378.45
507	2025.02.10 14:00	sell	204	30.23	1.03204	1.03360	1.02814	0.00	67378.45
508	2025.02.11 04:34	modify	204	30.23	1.03204	1.03194	1.02814	0.00	67378.45
509	2025.02.11 10:57	s/l	204	30.23	1.03194	1.03194	1.02814	378.96	67757.41
510	2025.02.26 10:30	buy	205	13.75	1.05093	1.04896	1.05586	0.00	67757.41
511	2025.02.26 13:50	s/l	205	13.75	1.04896	1.04896	1.05586	-2708.75	65048.66
512	2025.03.12 16:45	buy	206	5.46	1.09028	1.08790	1.09623	0.00	65048.66
513	2025.03.13 08:07	s/l	206	5.46	1.08790	1.08790	1.09623	-1436.15	63612.51
514	2025.03.13 09:45	sell	207	2.55	1.08621	1.08870	1.07999	0.00	63612.51
515	2025.03.13 15:12	modify	207	2.55	1.08621	1.08611	1.07999	0.00	63612.51
516	2025.03.13 16:03	s/l	207	2.55	1.08611	1.08611	1.07999	25.50	63638.01
517	2025.03.17 15:00	buy	208	27.16	1.09018	1.08854	1.09428	0.00	63638.01
518	2025.03.17 17:25	modify	208	27.16	1.09018	1.09028	1.09428	0.00	63638.01
519	2025.03.18 10:11	t/p	208	27.16	1.09428	1.09028	1.09428	10908.98	74546.98
520	2025.03.19 15:00	sell	209	17.43	1.09014	1.09185	1.08587	0.00	74546.98
521	2025.03.19 17:58	modify	209	17.43	1.09014	1.09004	1.08587	0.00	74546.98
522	2025.03.19 20:36	s/l	209	17.43	1.09004	1.09004	1.08587	174.30	74721.28
523	2025.03.24 14:00	sell	210	15.73	1.08320	1.08510	1.07845	0.00	74721.28
524	2025.03.24 15:51	modify	210	15.73	1.08320	1.08310	1.07845	0.00	74721.28
525	2025.03.24 18:41	t/p	210	15.73	1.07845	1.08310	1.07845	7471.75	82193.03
526	2025.03.25 16:15	sell	211	14.61	1.08051	1.08276	1.07489	0.00	82193.03
527	2025.03.26 15:29	modify	211	14.61	1.08051	1.08041	1.07489	0.00	82193.03
528	2025.03.26 21:17	t/p	211	14.61	1.07489	1.08041	1.07489	8247.87	90440.90
529	2025.03.27 15:45	buy	212	8.49	1.07959	1.07746	1.08492	0.00	90440.90
530	2025.03.28 11:03	s/l	212	8.49	1.07746	1.07746	1.08492	-1879.21	88561.69
531	2025.03.31 14:15	buy	213	9.84	1.08255	1.08075	1.08705	0.00	88561.69
532	2025.03.31 15:42	s/l	213	9.84	1.08075	1.08075	1.08705	-1771.20	86790.49
533	2025.04.17 10:45	buy	214	4.52	1.13697	1.13505	1.14177	0.00	86790.49
534	2025.04.17 15:16	s/l	214	4.52	1.13505	1.13505	1.14177	-867.84	85922.65
535	2025.04.29 10:45	buy	215	8.42	1.14052	1.13848	1.14562	0.00	85922.65
536	2025.04.29 11:13	s/l	215	8.42	1.13848	1.13848	1.14562	-1717.68	84204.97
537	2025.04.29 15:30	buy	216	9.05	1.13862	1.13676	1.14327	0.00	84204.97
538	2025.04.29 16:18	modify	216	9.05	1.13862	1.13872	1.14327	0.00	84204.97
539	2025.04.29 17:47	s/l	216	9.05	1.13872	1.13872	1.14327	90.50	84295.47
540	2025.04.30 10:30	sell	217	27.83	1.13797	1.14009	1.13267	0.00	84295.47
541	2025.04.30 18:21	modify	217	27.83	1.13797	1.13787	1.13267	0.00	84295.47
542	2025.04.30 18:30	t/p	217	27.83	1.13267	1.13787	1.13267	14749.90	99045.37
543	2025.05.01 15:00	sell	218	8.68	1.13197	1.13425	1.12627	0.00	99045.37
544	2025.05.01 17:20	modify	218	8.68	1.13197	1.13187	1.12627	0.00	99045.37
545	2025.05.02 09:10	s/l	218	8.68	1.13187	1.13187	1.12627	108.81	99154.19
546	2025.05.14 09:30	buy	219	23.46	1.11946	1.11777	1.12369	0.00	99154.19
547	2025.05.14 11:03	modify	219	23.46	1.11946	1.11956	1.12369	0.00	99154.19
548	2025.05.14 11:07	t/p	219	23.46	1.12369	1.11956	1.12369	9923.58	109077.77
549	2025.05.15 09:30	buy	220	8.86	1.12077	1.11831	1.12692	0.00	109077.77
550	2025.05.15 14:34	s/l	220	8.86	1.11831	1.11831	1.12692	-2179.56	106898.21
551	2025.05.22 15:45	sell	221	4.49	1.12926	1.13164	1.12331	0.00	106898.21
552	2025.05.22 20:28	modify	221	4.49	1.12926	1.12916	1.12331	0.00	106898.21
553	2025.05.23 03:24	s/l	221	4.49	1.12916	1.12916	1.12331	56.29	106954.49
554	2025.05.27 09:15	buy	222	32.69	1.13874	1.13645	1.14447	0.00	106954.49
555	2025.05.27 09:59	s/l	222	32.69	1.13645	1.13645	1.14447	-7486.01	99468.48
556	2025.05.28 14:00	sell	223	11.84	1.13254	1.13422	1.12834	0.00	99468.48
557	2025.05.28 16:11	modify	223	11.84	1.13254	1.13244	1.12834	0.00	99468.48
558	2025.05.29 02:10	t/p	223	11.84	1.12834	1.13244	1.12834	5062.88	104531.36
559	2025.06.05 10:15	buy	224	24.06	1.14189	1.14037	1.14569	0.00	104531.36
560	2025.06.05 15:30	modify	224	24.06	1.14189	1.14199	1.14569	0.00	104531.36
561	2025.06.05 15:50	s/l	224	24.06	1.14199	1.14199	1.14569	240.60	104771.96
562	2025.06.10 10:00	sell	225	18.87	1.13940	1.14162	1.13385	0.00	104771.96
563	2025.06.10 12:41	s/l	225	18.87	1.14162	1.14162	1.13385	-4189.14	100582.82
564	2025.06.16 08:15	buy	226	12.49	1.15458	1.15297	1.15861	0.00	100582.82
565	2025.06.16 09:51	modify	226	12.49	1.15458	1.15468	1.15861	0.00	100582.82
566	2025.06.16 16:00	t/p	226	12.49	1.15861	1.15468	1.15861	5033.47	105616.29
567	2025.06.18 11:30	sell	227	47.69	1.15033	1.15188	1.14646	0.00	105616.29
568	2025.06.18 17:04	s/l	227	47.69	1.15188	1.15188	1.14646	-7391.95	98224.34
569	2025.07.09 10:45	sell	228	9.77	1.17098	1.17299	1.16596	0.00	98224.34
570	2025.07.10 02:39	s/l	228	9.77	1.17299	1.17299	1.16596	-1889.44	96334.90
571	2025.07.17 09:15	sell	229	5.04	1.16080	1.16271	1.15603	0.00	96334.90
572	2025.07.17 09:30	modify	229	5.04	1.16080	1.16070	1.15603	0.00	96334.90
573	2025.07.17 15:30	t/p	229	5.04	1.15603	1.16070	1.15603	2404.08	98738.98
574	2025.07.22 16:45	buy	230	30.44	1.16990	1.16763	1.17558	0.00	98738.98
575	2025.07.22 18:16	modify	230	30.44	1.16990	1.17000	1.17558	0.00	98738.98
576	2025.07.22 19:07	t/p	230	30.44	1.17558	1.17000	1.17558	17289.92	116028.90
577	2025.08.21 16:45	sell	231	12.89	1.16334	1.16514	1.15884	0.00	116028.90
578	2025.08.21 17:45	modify	231	12.89	1.16334	1.16324	1.15884	0.00	116028.90
579	2025.08.22 07:21	t/p	231	12.89	1.15884	1.16324	1.15884	5833.19	121862.09
580	2025.08.26 09:15	sell	232	30.27	1.16297	1.16458	1.15895	0.00	121862.09
581	2025.08.26 10:12	modify	232	30.27	1.16297	1.16287	1.15895	0.00	121862.09
582	2025.08.26 12:12	s/l	232	30.27	1.16287	1.16287	1.15895	302.70	122164.79
583	2025.09.03 15:45	sell	233	32.36	1.16452	1.16603	1.16075	0.00	122164.79
584	2025.09.03 17:00	s/l	233	32.36	1.16603	1.16603	1.16075	-4886.36	117278.43
585	2025.09.29 15:00	buy	234	10.51	1.17293	1.17070	1.17851	0.00	117278.43
586	2025.10.01 08:00	modify	234	10.51	1.17293	1.17303	1.17851	0.00	117278.43
587	2025.10.01 13:02	s/l	234	10.51	1.17303	1.17303	1.17851	-70.29	117208.14
588	2025.10.01 15:15	sell	235	12.40	1.17234	1.17423	1.16762	0.00	117208.14
589	2025.10.01 15:15	s/l	235	12.40	1.17423	1.17423	1.16762	-2343.60	114864.54
590	2025.10.02 10:15	buy	236	5.89	1.17516	1.17321	1.18004	0.00	114864.54
591	2025.10.02 16:39	s/l	236	5.89	1.17321	1.17321	1.18004	-1148.55	113715.99
592	2025.10.09 09:15	sell	237	6.57	1.16299	1.16472	1.15867	0.00	113715.99
593	2025.10.09 11:35	modify	237	6.57	1.16299	1.16289	1.15867	0.00	113715.99
594	2025.10.09 17:22	t/p	237	6.57	1.15867	1.16289	1.15867	2838.24	116554.23
595	2025.10.14 09:30	sell	238	39.79	1.15710	1.15915	1.15198	0.00	116554.23
596	2025.10.14 17:40	s/l	238	39.79	1.15915	1.15915	1.15198	-8156.95	108397.28
597	2025.10.15 16:45	buy	239	11.47	1.16272	1.16083	1.16745	0.00	108397.28
598	2025.10.16 03:27	modify	239	11.47	1.16272	1.16282	1.16745	0.00	108397.28
599	2025.10.16 04:51	t/p	239	11.47	1.16745	1.16282	1.16745	5138.19	113535.47
600	2025.10.27 10:45	buy	240	49.67	1.16315	1.16155	1.16715	0.00	113535.47
601	2025.10.28 02:20	modify	240	49.67	1.16315	1.16325	1.16715	0.00	113535.47
602	2025.10.28 15:07	s/l	240	49.67	1.16325	1.16325	1.16715	82.25	113617.73
603	2025.10.28 16:30	buy	241	19.01	1.16557	1.16318	1.17155	0.00	113617.73
604	2025.10.29 06:55	s/l	241	19.01	1.16318	1.16318	1.17155	-4702.01	108915.72
605	2025.11.10 09:45	buy	242	11.40	1.15705	1.15514	1.16183	0.00	108915.72
606	2025.11.10 17:41	s/l	242	11.40	1.15514	1.15514	1.16183	-2177.40	106738.32
607	2025.11.19 15:45	sell	243	11.72	1.15749	1.15931	1.15294	0.00	106738.32
608	2025.11.19 17:10	modify	243	11.72	1.15749	1.15739	1.15294	0.00	106738.32
609	2025.11.19 19:26	t/p	243	11.72	1.15294	1.15739	1.15294	5332.60	112070.92
610	2025.12.01 09:30	buy	244	41.28	1.16082	1.15892	1.16557	0.00	112070.92
611	2025.12.01 14:37	modify	244	41.28	1.16082	1.16092	1.16557	0.00	112070.92
612	2025.12.01 21:11	s/l	244	41.28	1.16092	1.16092	1.16557	412.80	112483.72
613	2025.12.16 16:00	buy	245	21.52	1.17758	1.17549	1.18281	0.00	112483.72
614	2025.12.16 20:07	s/l	245	21.52	1.17549	1.17549	1.18281	-4497.68	107986.04
615	2025.12.24 11:00	buy	246	9.86	1.17995	1.17776	1.18543	0.00	107986.04
616	2025.12.24 16:55	s/l	246	9.86	1.17776	1.17776	1.18543	-2159.34	105826.70
617	2026.01.12 15:15	buy	247	12.59	1.16925	1.16757	1.17345	0.00	105826.70
618	2026.01.12 16:29	s/l	247	12.59	1.16757	1.16757	1.17345	-2115.12	103711.58
619	2026.01.19 09:15	buy	248	12.05	1.16400	1.16228	1.16830	0.00	103711.58
620	2026.01.19 10:07	s/l	248	12.05	1.16228	1.16228	1.16830	-2072.60	101638.98
621	2026.01.29 15:00	buy	249	5.52	1.19613	1.19429	1.20073	0.00	101638.98
622	2026.01.29 15:49	s/l	249	5.52	1.19429	1.19429	1.20073	-1015.68	100623.30
623	2026.02.04 16:15	sell	250	10.06	1.18076	1.18276	1.17576	0.00	100623.30
624	2026.02.05 23:02	modify	250	10.06	1.18076	1.18066	1.17576	0.00	100623.30
625	2026.02.06 15:49	s/l	250	10.06	1.18066	1.18066	1.17576	202.65	100825.94
626	2026.02.18 16:00	sell	251	28.80	1.18236	1.18481	1.17624	0.00	100825.94
627	2026.02.18 20:47	modify	251	28.80	1.18236	1.18226	1.17624	0.00	100825.94
628	2026.02.19 15:04	t/p	251	28.80	1.17624	1.18226	1.17624	17844.71	118670.66
629	2026.02.25 16:00	sell	252	25.24	1.17734	1.17922	1.17264	0.00	118670.66
630	2026.02.25 17:07	s/l	252	25.24	1.17922	1.17922	1.17264	-4745.12	113925.54
631	2026.03.17 09:15	buy	253	14.24	1.14885	1.14725	1.15285	0.00	113925.54
632	2026.03.17 10:48	modify	253	14.24	1.14885	1.14895	1.15285	0.00	113925.54
633	2026.03.17 15:00	t/p	253	14.24	1.15285	1.14895	1.15285	5696.00	119621.54
