1	2023.02.06 08:00	sell	1	0.23	1.07968	1.08182	1.07683	0.00	10000.00
2	2023.02.06 11:56	t/p	1	0.23	1.07683	1.08182	1.07683	65.55	10065.55
3	2023.02.06 15:00	sell	2	0.70	1.07730	1.07941	1.07449	0.00	10065.55
4	2023.02.06 16:53	t/p	2	0.70	1.07449	1.07941	1.07449	196.70	10262.25
5	2023.02.07 09:00	sell	3	1.59	1.07392	1.07536	1.07201	0.00	10262.25
6	2023.02.07 10:03	t/p	3	1.59	1.07201	1.07536	1.07201	303.69	10565.94
7	2023.02.07 11:00	sell	4	1.46	1.07191	1.07353	1.06976	0.00	10565.94
8	2023.02.07 15:15	t/p	4	1.46	1.06976	1.07353	1.06976	313.90	10879.84
9	2023.02.07 16:00	sell	5	1.14	1.06954	1.07164	1.06674	0.00	10879.84
10	2023.02.07 19:45	s/l	5	1.14	1.07164	1.07164	1.06674	-239.40	10640.44
11	2023.02.08 16:00	sell	6	0.28	1.07317	1.07506	1.07065	0.00	10640.44
12	2023.02.09 10:23	s/l	6	0.28	1.07506	1.07506	1.07065	-50.79	10589.65
13	2023.02.10 09:00	sell	7	0.35	1.07231	1.07380	1.07032	0.00	10589.65
14	2023.02.10 09:17	s/l	7	0.35	1.07380	1.07380	1.07032	-52.15	10537.50
15	2023.02.13 08:00	sell	8	0.36	1.06696	1.06840	1.06504	0.00	10537.50
16	2023.02.13 09:21	s/l	8	0.36	1.06840	1.06840	1.06504	-51.84	10485.66
17	2023.02.13 11:00	sell	9	0.34	1.06744	1.06894	1.06544	0.00	10485.66
18	2023.02.13 14:20	s/l	9	0.34	1.06894	1.06894	1.06544	-51.00	10434.66
19	2023.02.16 09:00	sell	10	0.31	1.06998	1.07163	1.06778	0.00	10434.66
20	2023.02.16 10:16	s/l	10	0.31	1.07163	1.07163	1.06778	-51.15	10383.51
21	2023.02.17 08:00	sell	11	0.28	1.06384	1.06563	1.06146	0.00	10383.51
22	2023.02.17 11:34	s/l	11	0.28	1.06563	1.06563	1.06146	-50.12	10333.39
23	2023.02.17 15:00	sell	12	0.26	1.06202	1.06395	1.05945	0.00	10333.39
24	2023.02.17 15:46	s/l	12	0.26	1.06395	1.06395	1.05945	-50.18	10283.21
25	2023.02.23 08:00	sell	13	0.31	1.06225	1.06386	1.06010	0.00	10283.21
26	2023.02.23 11:12	t/p	13	0.31	1.06010	1.06386	1.06010	66.65	10349.86
27	2023.02.23 13:00	sell	14	1.10	1.05980	1.06120	1.05794	0.00	10349.86
28	2023.02.23 14:29	s/l	14	1.10	1.06120	1.06120	1.05794	-154.00	10195.86
29	2023.02.23 16:00	sell	15	0.26	1.06079	1.06271	1.05823	0.00	10195.86
30	2023.02.23 18:56	t/p	15	0.26	1.05823	1.06271	1.05823	66.56	10262.42
31	2023.02.24 15:00	sell	16	0.89	1.05663	1.05831	1.05438	0.00	10262.42
32	2023.02.24 16:13	t/p	16	0.89	1.05438	1.05831	1.05438	200.25	10462.67
33	2023.02.24 19:00	sell	17	1.08	1.05440	1.05656	1.05152	0.00	10462.67
34	2023.02.27 12:55	s/l	17	1.08	1.05656	1.05656	1.05152	-230.54	10232.13
35	2023.03.08 09:00	sell	18	0.31	1.05396	1.05557	1.05182	0.00	10232.13
36	2023.03.08 16:31	s/l	18	0.31	1.05557	1.05557	1.05182	-49.91	10182.22
37	2023.03.14 11:00	buy	19	0.26	1.07067	1.06872	1.07327	0.00	10182.22
38	2023.03.14 14:30	t/p	19	0.26	1.07327	1.06872	1.07327	67.60	10249.82
39	2023.03.15 09:00	buy	20	0.85	1.07346	1.07166	1.07586	0.00	10249.82
40	2023.03.15 11:11	s/l	20	0.85	1.07166	1.07166	1.07586	-153.00	10096.82
41	2023.03.16 09:00	sell	21	0.23	1.06056	1.06274	1.05765	0.00	10096.82
42	2023.03.16 09:55	s/l	21	0.23	1.06274	1.06274	1.05765	-50.14	10046.68
43	2023.03.21 15:00	buy	22	0.25	1.07815	1.07617	1.08078	0.00	10046.68
44	2023.03.21 16:24	s/l	22	0.25	1.07617	1.07617	1.08078	-49.50	9997.18
45	2023.03.21 17:00	buy	23	0.23	1.07746	1.07532	1.08032	0.00	9997.18
46	2023.03.22 20:00	t/p	23	0.23	1.08032	1.07532	1.08032	63.86	10061.04
47	2023.03.28 15:00	buy	24	0.88	1.08316	1.08146	1.08543	0.00	10061.04
48	2023.03.29 12:33	t/p	24	0.88	1.08543	1.08146	1.08543	192.42	10253.46
49	2023.03.30 14:00	buy	25	1.08	1.08789	1.08577	1.09072	0.00	10253.46
50	2023.03.30 15:36	t/p	25	1.08	1.09072	1.08577	1.09072	305.64	10559.10
51	2023.03.31 08:00	buy	26	1.71	1.09036	1.08899	1.09219	0.00	10559.10
52	2023.03.31 09:07	s/l	26	1.71	1.08899	1.08899	1.09219	-234.27	10324.83
53	2023.04.04 09:00	buy	27	0.38	1.08855	1.08720	1.09035	0.00	10324.83
54	2023.04.04 09:40	t/p	27	0.38	1.09035	1.08720	1.09035	68.40	10393.23
55	2023.04.04 11:00	buy	28	0.86	1.09255	1.09076	1.09494	0.00	10393.23
56	2023.04.04 14:16	s/l	28	0.86	1.09076	1.09076	1.09494	-153.94	10239.29
57	2023.04.04 15:00	buy	29	0.23	1.08978	1.08759	1.09270	0.00	10239.29
58	2023.04.04 17:00	t/p	29	0.23	1.09270	1.08759	1.09270	67.16	10306.45
59	2023.04.05 09:00	buy	30	1.30	1.09580	1.09462	1.09738	0.00	10306.45
60	2023.04.05 11:01	s/l	30	1.30	1.09462	1.09462	1.09738	-153.40	10153.05
61	2023.04.13 08:00	buy	31	0.37	1.09900	1.09766	1.10079	0.00	10153.05
62	2023.04.13 09:58	s/l	31	0.37	1.09766	1.09766	1.10079	-49.58	10103.47
63	2023.04.13 10:00	buy	32	0.39	1.09815	1.09688	1.09984	0.00	10103.47
64	2023.04.13 10:15	t/p	32	0.39	1.09984	1.09688	1.09984	65.91	10169.38
65	2023.04.13 14:00	buy	33	0.84	1.10143	1.09965	1.10381	0.00	10169.38
66	2023.04.13 15:30	t/p	33	0.84	1.10381	1.09965	1.10381	199.92	10369.30
67	2023.04.14 08:00	buy	34	2.00	1.10694	1.10578	1.10849	0.00	10369.30
68	2023.04.14 11:09	s/l	34	2.00	1.10578	1.10578	1.10849	-232.00	10137.30
69	2023.04.14 15:00	buy	35	0.35	1.10542	1.10399	1.10733	0.00	10137.30
70	2023.04.14 15:30	t/p	35	0.35	1.10733	1.10399	1.10733	66.85	10204.15
71	2023.04.25 09:00	buy	36	1.26	1.10494	1.10374	1.10655	0.00	10204.15
72	2023.04.25 10:03	s/l	36	1.26	1.10374	1.10374	1.10655	-151.20	10052.95
73	2023.04.25 11:00	buy	37	0.37	1.10330	1.10196	1.10509	0.00	10052.95
74	2023.04.25 14:00	s/l	37	0.37	1.10196	1.10196	1.10509	-49.58	10003.37
75	2023.04.25 18:00	sell	38	0.22	1.09769	1.09988	1.09477	0.00	10003.37
76	2023.04.26 09:36	s/l	38	0.22	1.09988	1.09988	1.09477	-47.62	9955.75
77	2023.04.27 08:00	buy	39	0.32	1.10509	1.10357	1.10711	0.00	9955.75
78	2023.04.27 12:49	s/l	39	0.32	1.10357	1.10357	1.10711	-48.64	9907.11
79	2023.05.04 08:00	buy	40	0.22	1.10817	1.10593	1.11116	0.00	9907.11
80	2023.05.04 10:48	s/l	40	0.22	1.10593	1.10593	1.11116	-49.28	9857.83
81	2023.05.04 13:00	buy	41	0.23	1.10552	1.10345	1.10828	0.00	9857.83
82	2023.05.04 15:13	t/p	41	0.23	1.10828	1.10345	1.10828	63.48	9921.31
83	2023.05.12 19:00	sell	42	0.67	1.08556	1.08773	1.08266	0.00	9921.31
84	2023.05.15 10:41	s/l	42	0.67	1.08773	1.08773	1.08266	-143.69	9777.61
85	2023.05.15 11:00	sell	43	0.43	1.08739	1.08853	1.08588	0.00	9777.61
86	2023.05.15 12:10	t/p	43	0.43	1.08588	1.08853	1.08588	64.93	9842.54
87	2023.05.15 19:00	sell	44	0.86	1.08732	1.08900	1.08508	0.00	9842.54
88	2023.05.16 10:50	s/l	44	0.86	1.08900	1.08900	1.08508	-142.30	9700.25
89	2023.05.17 09:00	sell	45	0.45	1.08532	1.08639	1.08390	0.00	9700.25
90	2023.05.17 09:35	s/l	45	0.45	1.08639	1.08639	1.08390	-48.15	9652.10
91	2023.05.17 11:00	sell	46	0.35	1.08320	1.08458	1.08137	0.00	9652.10
92	2023.05.17 11:31	s/l	46	0.35	1.08458	1.08458	1.08137	-48.30	9603.80
93	2023.05.17 12:00	sell	47	0.31	1.08288	1.08442	1.08083	0.00	9603.80
94	2023.05.17 19:47	s/l	47	0.31	1.08442	1.08442	1.08083	-47.74	9556.06
95	2023.05.18 09:00	sell	48	0.41	1.08303	1.08419	1.08148	0.00	9556.06
96	2023.05.18 10:55	t/p	48	0.41	1.08148	1.08419	1.08148	63.55	9619.61
97	2023.05.18 13:00	sell	49	1.06	1.08183	1.08317	1.08004	0.00	9619.61
98	2023.05.18 15:30	t/p	49	1.06	1.08004	1.08317	1.08004	189.74	9809.35
99	2023.05.18 16:00	sell	50	1.23	1.07902	1.08078	1.07667	0.00	9809.35
100	2023.05.18 18:09	t/p	50	1.23	1.07667	1.08078	1.07667	289.05	10098.40
101	2023.05.18 19:00	sell	51	1.05	1.07754	1.07966	1.07472	0.00	10098.40
102	2023.05.19 12:35	s/l	51	1.05	1.07966	1.07966	1.07472	-219.94	9878.46
103	2023.05.22 11:00	sell	52	0.33	1.08070	1.08215	1.07876	0.00	9878.46
104	2023.05.22 12:33	s/l	52	0.33	1.08215	1.08215	1.07876	-47.85	9830.61
105	2023.05.23 16:00	sell	53	0.26	1.07640	1.07825	1.07393	0.00	9830.61
106	2023.05.23 16:47	s/l	53	0.26	1.07825	1.07825	1.07393	-48.10	9782.51
107	2023.05.23 17:00	sell	54	0.24	1.07817	1.08019	1.07548	0.00	9782.51
108	2023.05.24 13:16	t/p	54	0.24	1.07548	1.08019	1.07548	65.17	9847.68
109	2023.05.25 08:00	sell	55	1.06	1.07343	1.07480	1.07160	0.00	9847.68
110	2023.05.25 10:15	t/p	55	1.06	1.07160	1.07480	1.07160	193.98	10041.66
111	2023.05.25 13:00	sell	56	1.44	1.07317	1.07472	1.07110	0.00	10041.66
112	2023.05.25 16:39	t/p	56	1.44	1.07110	1.07472	1.07110	298.08	10339.74
113	2023.05.25 17:00	sell	57	1.19	1.07135	1.07329	1.06876	0.00	10339.74
114	2023.05.26 05:00	s/l	57	1.19	1.07329	1.07329	1.06876	-227.84	10111.89
115	2023.05.29 17:00	sell	58	0.41	1.07095	1.07215	1.06934	0.00	10111.89
116	2023.05.30 04:30	s/l	58	0.41	1.07215	1.07215	1.06934	-48.16	10063.73
117	2023.05.30 11:00	sell	59	0.32	1.06903	1.07058	1.06696	0.00	10063.73
118	2023.05.30 11:45	s/l	59	0.32	1.07058	1.07058	1.06696	-49.60	10014.13
119	2023.05.31 13:00	sell	60	0.27	1.06758	1.06941	1.06514	0.00	10014.13
120	2023.05.31 16:42	s/l	60	0.27	1.06941	1.06941	1.06514	-49.41	9964.72
121	2023.05.31 17:00	sell	61	0.22	1.06916	1.07133	1.06627	0.00	9964.72
122	2023.05.31 17:18	t/p	61	0.22	1.06627	1.07133	1.06627	63.58	10028.30
123	2023.06.01 10:00	sell	62	0.84	1.06842	1.07021	1.06604	0.00	10028.30
124	2023.06.01 12:51	s/l	62	0.84	1.07021	1.07021	1.06604	-150.36	9877.94
125	2023.06.09 10:00	buy	63	0.61	1.07789	1.07708	1.07896	0.00	9877.94
126	2023.06.09 10:15	s/l	63	0.61	1.07708	1.07708	1.07896	-49.41	9828.53
127	2023.06.14 20:00	buy	64	0.25	1.08625	1.08431	1.08884	0.00	9828.53
128	2023.06.14 21:00	s/l	64	0.25	1.08431	1.08431	1.08884	-48.50	9780.03
129	2023.06.15 13:00	buy	65	0.25	1.08478	1.08289	1.08731	0.00	9780.03
130	2023.06.15 14:32	s/l	65	0.25	1.08289	1.08289	1.08731	-47.25	9732.78
131	2023.06.16 08:00	buy	66	0.34	1.09391	1.09252	1.09577	0.00	9732.78
132	2023.06.16 09:22	t/p	66	0.34	1.09577	1.09252	1.09577	63.24	9796.02
133	2023.06.16 10:00	buy	67	1.10	1.09474	1.09343	1.09648	0.00	9796.02
134	2023.06.16 10:22	s/l	67	1.10	1.09343	1.09343	1.09648	-144.10	9651.92
135	2023.06.19 08:00	buy	68	0.41	1.09350	1.09233	1.09506	0.00	9651.92
136	2023.06.19 12:32	s/l	68	0.41	1.09233	1.09233	1.09506	-47.97	9603.95
137	2023.06.22 08:00	buy	69	0.37	1.09876	1.09748	1.10047	0.00	9603.95
138	2023.06.22 13:04	t/p	69	0.37	1.10047	1.09748	1.10047	63.27	9667.22
139	2023.07.10 08:00	buy	70	1.09	1.09533	1.09401	1.09709	0.00	9667.22
140	2023.07.10 12:24	t/p	70	1.09	1.09709	1.09401	1.09709	191.84	9859.06
141	2023.07.10 19:00	buy	71	1.16	1.09901	1.09714	1.10150	0.00	9859.06
142	2023.07.11 05:45	t/p	71	1.16	1.10150	1.09714	1.10150	279.16	10138.23
143	2023.07.11 09:00	buy	72	1.98	1.10073	1.09959	1.10225	0.00	10138.23
144	2023.07.11 09:22	t/p	72	1.98	1.10225	1.09959	1.10225	300.96	10439.19
145	2023.07.11 11:00	buy	73	1.75	1.10084	1.09951	1.10261	0.00	10439.19
146	2023.07.11 14:38	s/l	73	1.75	1.09951	1.09951	1.10261	-232.75	10206.44
147	2023.07.12 09:00	buy	74	0.40	1.10264	1.10140	1.10430	0.00	10206.44
148	2023.07.12 14:59	s/l	74	0.40	1.10140	1.10140	1.10430	-49.60	10156.84
149	2023.07.12 15:00	buy	75	0.38	1.10155	1.10023	1.10331	0.00	10156.84
150	2023.07.12 15:30	t/p	75	0.38	1.10331	1.10023	1.10331	66.88	10223.72
151	2023.07.12 16:00	buy	76	0.81	1.10585	1.10398	1.10834	0.00	10223.72
152	2023.07.12 16:19	t/p	76	0.81	1.10834	1.10398	1.10834	201.69	10425.41
153	2023.07.13 09:00	buy	77	1.71	1.11311	1.11175	1.11493	0.00	10425.41
154	2023.07.13 09:58	t/p	77	1.71	1.11493	1.11175	1.11493	311.22	10736.63
155	2023.07.13 17:00	buy	78	1.10	1.11946	1.11728	1.12237	0.00	10736.63
156	2023.07.13 22:22	t/p	78	1.10	1.12237	1.11728	1.12237	320.10	11056.73
157	2023.07.14 09:00	buy	79	1.46	1.12195	1.12027	1.12419	0.00	11056.73
158	2023.07.14 12:13	t/p	79	1.46	1.12419	1.12027	1.12419	327.04	11383.77
159	2023.07.18 11:00	buy	80	1.55	1.12542	1.12379	1.12760	0.00	11383.77
160	2023.07.18 11:31	s/l	80	1.55	1.12379	1.12379	1.12760	-252.65	11131.12
161	2023.07.20 08:00	buy	81	0.42	1.12216	1.12085	1.12391	0.00	11131.12
162	2023.07.20 09:09	s/l	81	0.42	1.12085	1.12085	1.12391	-55.02	11076.10
163	2023.07.25 09:00	sell	82	0.42	1.10763	1.10892	1.10590	0.00	11076.10
164	2023.07.25 11:00	t/p	82	0.42	1.10590	1.10892	1.10590	72.66	11148.76
165	2023.07.25 15:00	sell	83	1.00	1.10491	1.10655	1.10272	0.00	11148.76
166	2023.07.25 16:15	t/p	83	1.00	1.10272	1.10655	1.10272	219.00	11367.76
167	2023.07.25 17:00	sell	84	1.32	1.10383	1.10575	1.10127	0.00	11367.76
168	2023.07.26 08:40	s/l	84	1.32	1.10575	1.10575	1.10127	-250.09	11117.66
169	2023.07.28 08:00	sell	85	0.28	1.09729	1.09922	1.09471	0.00	11117.66
170	2023.07.28 10:56	t/p	85	0.28	1.09471	1.09922	1.09471	72.24	11189.90
171	2023.07.31 08:00	sell	86	1.03	1.10060	1.10222	1.09844	0.00	11189.90
172	2023.07.31 10:23	s/l	86	1.03	1.10222	1.10222	1.09844	-166.86	11023.04
173	2023.08.01 09:00	sell	87	0.42	1.09989	1.10117	1.09818	0.00	11023.04
174	2023.08.01 10:05	t/p	87	0.42	1.09818	1.10117	1.09818	71.82	11094.86
175	2023.08.01 11:00	sell	88	1.15	1.09795	1.09937	1.09605	0.00	11094.86
176	2023.08.01 15:15	t/p	88	1.15	1.09605	1.09937	1.09605	218.50	11313.36
177	2023.08.01 16:00	sell	89	1.37	1.09565	1.09748	1.09321	0.00	11313.36
178	2023.08.01 16:15	s/l	89	1.37	1.09748	1.09748	1.09321	-250.71	11062.65
179	2023.08.01 17:00	sell	90	0.27	1.09725	1.09927	1.09456	0.00	11062.65
180	2023.08.02 00:37	s/l	90	0.27	1.09927	1.09927	1.09456	-53.86	11008.80
181	2023.08.02 10:00	sell	91	0.25	1.09899	1.10116	1.09609	0.00	11008.80
182	2023.08.02 15:36	t/p	91	0.25	1.09609	1.10116	1.09609	72.50	11081.30
183	2023.08.02 16:00	sell	92	0.81	1.09598	1.09801	1.09328	0.00	11081.30
184	2023.08.02 17:24	t/p	92	0.81	1.09328	1.09801	1.09328	218.70	11300.00
185	2023.08.03 08:00	sell	93	1.68	1.09234	1.09383	1.09035	0.00	11300.00
186	2023.08.03 08:57	s/l	93	1.68	1.09383	1.09383	1.09035	-250.32	11049.68
187	2023.08.03 09:00	sell	94	0.36	1.09392	1.09542	1.09192	0.00	11049.68
188	2023.08.03 10:04	t/p	94	0.36	1.09192	1.09542	1.09192	72.00	11121.68
189	2023.08.03 13:00	sell	95	0.99	1.09318	1.09486	1.09094	0.00	11121.68
190	2023.08.03 14:48	s/l	95	0.99	1.09486	1.09486	1.09094	-166.32	10955.36
191	2023.08.15 09:00	sell	96	0.39	1.09118	1.09258	1.08931	0.00	10955.36
192	2023.08.15 09:54	s/l	96	0.39	1.09258	1.09258	1.08931	-54.60	10900.76
193	2023.08.15 16:00	sell	97	0.27	1.09220	1.09417	1.08958	0.00	10900.76
194	2023.08.15 16:10	s/l	97	0.27	1.09417	1.09417	1.08958	-53.19	10847.57
195	2023.08.17 08:00	sell	98	0.36	1.08686	1.08837	1.08485	0.00	10847.57
196	2023.08.17 09:38	s/l	98	0.36	1.08837	1.08837	1.08485	-54.36	10793.21
197	2023.08.17 10:00	sell	99	0.37	1.08835	1.08979	1.08644	0.00	10793.21
198	2023.08.17 12:36	t/p	99	0.37	1.08644	1.08979	1.08644	70.67	10863.88
199	2023.08.17 13:00	sell	100	1.16	1.08735	1.08873	1.08551	0.00	10863.88
200	2023.08.17 13:26	s/l	100	1.16	1.08873	1.08873	1.08551	-160.08	10703.80
201	2023.08.17 14:00	sell	101	0.36	1.08837	1.08985	1.08640	0.00	10703.80
202	2023.08.17 15:04	s/l	101	0.36	1.08985	1.08985	1.08640	-53.28	10650.52
203	2023.08.17 19:00	sell	102	0.24	1.08738	1.08954	1.08450	0.00	10650.52
204	2023.08.21 12:20	s/l	102	0.24	1.08954	1.08954	1.08450	-50.62	10599.89
205	2023.08.23 09:00	sell	103	0.56	1.08624	1.08717	1.08500	0.00	10599.89
206	2023.08.23 10:25	s/l	103	0.56	1.08717	1.08717	1.08500	-52.08	10547.81
207	2023.08.23 12:00	sell	104	0.31	1.08193	1.08360	1.07971	0.00	10547.81
208	2023.08.23 16:45	s/l	104	0.31	1.08360	1.08360	1.07971	-51.77	10496.04
209	2023.08.25 08:00	sell	105	0.36	1.07822	1.07965	1.07632	0.00	10496.04
210	2023.08.25 13:12	s/l	105	0.36	1.07965	1.07965	1.07632	-51.48	10444.56
211	2023.08.25 15:00	sell	106	0.28	1.08026	1.08204	1.07788	0.00	10444.56
212	2023.08.25 17:03	s/l	106	0.28	1.08204	1.08204	1.07788	-49.84	10394.72
213	2023.09.04 08:00	sell	107	0.42	1.07869	1.07990	1.07708	0.00	10394.72
214	2023.09.04 10:18	s/l	107	0.42	1.07990	1.07990	1.07708	-50.82	10343.90
215	2023.09.04 11:00	sell	108	0.43	1.07952	1.08071	1.07794	0.00	10343.90
216	2023.09.04 14:09	s/l	108	0.43	1.08071	1.08071	1.07794	-51.17	10292.73
217	2023.09.04 15:00	sell	109	0.40	1.08002	1.08128	1.07834	0.00	10292.73
218	2023.09.05 05:33	t/p	109	0.40	1.07834	1.08128	1.07834	68.21	10360.95
219	2023.09.05 11:00	sell	110	1.16	1.07566	1.07698	1.07390	0.00	10360.95
220	2023.09.05 13:59	t/p	110	1.16	1.07390	1.07698	1.07390	204.16	10565.11
221	2023.09.05 15:00	sell	111	1.41	1.07325	1.07492	1.07103	0.00	10565.11
222	2023.09.05 17:48	t/p	111	1.41	1.07103	1.07492	1.07103	313.02	10878.13
223	2023.09.06 09:00	sell	112	2.18	1.07379	1.07491	1.07230	0.00	10878.13
224	2023.09.06 14:24	s/l	112	2.18	1.07491	1.07491	1.07230	-244.16	10633.97
225	2023.09.06 18:00	sell	113	0.26	1.07089	1.07292	1.06818	0.00	10633.97
226	2023.09.06 20:20	s/l	113	0.26	1.07292	1.07292	1.06818	-52.78	10581.19
227	2023.09.07 16:00	sell	114	0.34	1.06932	1.07086	1.06727	0.00	10581.19
228	2023.09.07 17:42	s/l	114	0.34	1.07086	1.07086	1.06727	-52.36	10528.83
229	2023.09.07 19:00	sell	115	0.28	1.07033	1.07219	1.06785	0.00	10528.83
230	2023.09.08 05:39	s/l	115	0.28	1.07219	1.07219	1.06785	-51.37	10477.46
231	2023.09.08 15:00	sell	116	0.35	1.06993	1.07141	1.06796	0.00	10477.46
232	2023.09.08 16:30	s/l	116	0.35	1.07141	1.07141	1.06796	-51.80	10425.66
233	2023.09.15 08:00	sell	117	0.32	1.06535	1.06694	1.06323	0.00	10425.66
234	2023.09.15 12:33	s/l	117	0.32	1.06694	1.06694	1.06323	-50.88	10374.78
235	2023.09.15 15:00	sell	118	0.36	1.06546	1.06688	1.06357	0.00	10374.78
236	2023.09.15 17:00	s/l	118	0.36	1.06688	1.06688	1.06357	-51.12	10323.66
237	2023.09.25 21:00	sell	119	0.23	1.05949	1.06172	1.05652	0.00	10323.66
238	2023.09.26 21:20	t/p	119	0.23	1.05652	1.06172	1.05652	68.89	10392.55
239	2023.09.27 09:00	sell	120	1.21	1.05601	1.05729	1.05430	0.00	10392.55
240	2023.09.27 10:27	s/l	120	1.21	1.05729	1.05729	1.05430	-154.88	10237.67
241	2023.09.27 11:00	sell	121	0.38	1.05652	1.05786	1.05473	0.00	10237.67
242	2023.09.27 14:15	t/p	121	0.38	1.05473	1.05786	1.05473	68.02	10305.69
243	2023.09.27 16:00	sell	122	0.91	1.05467	1.05636	1.05242	0.00	10305.69
244	2023.09.27 16:34	t/p	122	0.91	1.05242	1.05636	1.05242	204.75	10510.44
245	2023.09.27 17:00	sell	123	1.16	1.05202	1.05404	1.04933	0.00	10510.44
246	2023.09.27 20:20	t/p	123	1.16	1.04933	1.05404	1.04933	312.04	10822.48
247	2023.09.28 08:00	sell	124	1.41	1.05044	1.05215	1.04816	0.00	10822.48
248	2023.09.28 11:19	s/l	124	1.41	1.05215	1.05215	1.04816	-241.11	10581.37
249	2023.10.03 11:00	sell	125	0.37	1.04825	1.04965	1.04638	0.00	10581.37
250	2023.10.03 15:41	t/p	125	0.37	1.04638	1.04965	1.04638	69.19	10650.56
251	2023.10.03 16:00	sell	126	0.97	1.04661	1.04824	1.04444	0.00	10650.56
252	2023.10.03 16:44	s/l	126	0.97	1.04824	1.04824	1.04444	-158.11	10492.45
253	2023.10.12 08:00	buy	127	0.33	1.06311	1.06152	1.06522	0.00	10492.45
254	2023.10.12 14:07	s/l	127	0.33	1.06152	1.06152	1.06522	-52.47	10439.98
255	2023.10.24 11:00	buy	128	0.33	1.06629	1.06473	1.06836	0.00	10439.98
256	2023.10.24 11:21	s/l	128	0.33	1.06473	1.06473	1.06836	-51.48	10388.50
257	2023.11.06 15:00	buy	129	0.35	1.07437	1.07290	1.07633	0.00	10388.50
258	2023.11.06 17:11	s/l	129	0.35	1.07290	1.07290	1.07633	-51.45	10337.05
259	2023.11.15 12:00	buy	130	0.35	1.08521	1.08374	1.08717	0.00	10337.05
260	2023.11.15 15:17	t/p	130	0.35	1.08717	1.08374	1.08717	68.60	10405.65
261	2023.11.15 16:00	buy	131	0.78	1.08591	1.08393	1.08855	0.00	10405.65
262	2023.11.15 16:53	s/l	131	0.78	1.08393	1.08393	1.08855	-154.44	10251.21
263	2023.11.16 16:00	buy	132	0.28	1.08811	1.08629	1.09054	0.00	10251.21
264	2023.11.16 16:24	s/l	132	0.28	1.08629	1.08629	1.09054	-50.96	10200.25
265	2023.11.16 17:00	buy	133	0.25	1.08764	1.08562	1.09033	0.00	10200.25
266	2023.11.16 18:27	s/l	133	0.25	1.08562	1.08562	1.09033	-50.50	10149.75
267	2023.11.17 19:00	buy	134	0.23	1.08786	1.08567	1.09078	0.00	10149.75
268	2023.11.17 22:55	t/p	134	0.23	1.09078	1.08567	1.09078	67.16	10216.91
269	2023.11.20 08:00	buy	135	0.91	1.09191	1.09025	1.09412	0.00	10216.91
270	2023.11.20 16:46	t/p	135	0.91	1.09412	1.09025	1.09412	201.11	10418.02
271	2023.11.20 17:00	buy	136	1.26	1.09405	1.09221	1.09651	0.00	10418.02
272	2023.11.21 19:03	s/l	136	1.26	1.09221	1.09221	1.09651	-242.35	10175.67
273	2023.11.27 08:00	buy	137	0.33	1.09495	1.09344	1.09696	0.00	10175.67
274	2023.11.27 16:15	s/l	137	0.33	1.09344	1.09344	1.09696	-49.83	10125.84
275	2023.11.28 11:00	buy	138	0.43	1.09477	1.09360	1.09632	0.00	10125.84
276	2023.11.28 15:26	t/p	138	0.43	1.09632	1.09360	1.09632	66.65	10192.49
277	2023.11.28 17:00	buy	139	0.92	1.09790	1.09626	1.10008	0.00	10192.49
278	2023.11.28 17:43	t/p	139	0.92	1.10008	1.09626	1.10008	200.56	10393.05
279	2023.11.28 18:00	buy	140	1.21	1.09809	1.09617	1.10065	0.00	10393.05
280	2023.11.28 19:00	t/p	140	1.21	1.10065	1.09617	1.10065	309.76	10702.81
281	2023.11.29 09:00	buy	141	1.39	1.10006	1.09835	1.10234	0.00	10702.81
282	2023.11.29 09:41	s/l	141	1.39	1.09835	1.09835	1.10234	-237.69	10465.12
283	2023.11.29 10:00	buy	142	0.31	1.09847	1.09680	1.10069	0.00	10465.12
284	2023.11.29 16:01	s/l	142	0.31	1.09680	1.09680	1.10069	-51.77	10413.35
285	2023.12.05 09:00	sell	143	0.39	1.08341	1.08473	1.08164	0.00	10413.35
286	2023.12.05 09:23	t/p	143	0.39	1.08164	1.08473	1.08164	69.03	10482.38
287	2023.12.05 11:00	sell	144	0.89	1.08339	1.08512	1.08109	0.00	10482.38
288	2023.12.05 16:45	t/p	144	0.89	1.08109	1.08512	1.08109	204.70	10687.08
289	2023.12.06 09:00	sell	145	1.68	1.07879	1.08020	1.07691	0.00	10687.08
290	2023.12.06 16:04	s/l	145	1.68	1.08020	1.08020	1.07691	-236.88	10450.20
291	2023.12.07 08:00	sell	146	0.41	1.07617	1.07743	1.07448	0.00	10450.20
292	2023.12.07 09:34	s/l	146	0.41	1.07743	1.07743	1.07448	-51.66	10398.54
293	2023.12.08 08:00	sell	147	0.33	1.07839	1.07994	1.07632	0.00	10398.54
294	2023.12.08 15:30	t/p	147	0.33	1.07632	1.07994	1.07632	68.31	10466.85
295	2023.12.14 13:00	buy	148	0.75	1.09135	1.08926	1.09414	0.00	10466.85
296	2023.12.14 15:55	t/p	148	0.75	1.09414	1.08926	1.09414	209.25	10676.10
297	2023.12.15 08:00	buy	149	1.32	1.09846	1.09665	1.10087	0.00	10676.10
298	2023.12.15 10:30	s/l	149	1.32	1.09665	1.09665	1.10087	-238.92	10437.18
299	2023.12.19 15:00	buy	150	0.31	1.09685	1.09517	1.09909	0.00	10437.18
300	2023.12.20 09:00	s/l	150	0.31	1.09517	1.09517	1.09909	-54.67	10382.51
301	2023.12.20 17:00	buy	151	0.28	1.09712	1.09530	1.09954	0.00	10382.51
302	2023.12.20 19:14	s/l	151	0.28	1.09530	1.09530	1.09954	-50.96	10331.55
303	2023.12.21 19:00	buy	152	0.23	1.09899	1.09680	1.10191	0.00	10331.55
304	2023.12.22 12:26	t/p	152	0.23	1.10191	1.09680	1.10191	65.24	10396.79
305	2023.12.22 15:00	buy	153	0.99	1.10192	1.10036	1.10400	0.00	10396.79
306	2023.12.22 15:32	s/l	153	0.99	1.10036	1.10036	1.10400	-154.44	10242.35
307	2023.12.22 19:00	buy	154	0.22	1.10074	1.09850	1.10372	0.00	10242.35
308	2023.12.26 18:41	t/p	154	0.22	1.10372	1.09850	1.10372	61.89	10304.24
309	2023.12.27 09:00	buy	155	1.71	1.10445	1.10355	1.10565	0.00	10304.24
310	2023.12.27 12:25	t/p	155	1.71	1.10565	1.10355	1.10565	205.20	10509.44
311	2023.12.27 15:00	buy	156	1.73	1.10683	1.10547	1.10865	0.00	10509.44
312	2023.12.27 16:50	t/p	156	1.73	1.10865	1.10547	1.10865	314.86	10824.30
313	2023.12.27 17:00	buy	157	1.37	1.11045	1.10868	1.11282	0.00	10824.30
314	2023.12.28 11:34	t/p	157	1.37	1.11282	1.10868	1.11282	290.40	11114.70
315	2024.01.03 13:00	sell	158	1.64	1.09280	1.09431	1.09079	0.00	11114.70
316	2024.01.03 17:37	t/p	158	1.64	1.09079	1.09431	1.09079	329.64	11444.34
317	2024.02.05 09:00	sell	159	1.86	1.07778	1.07915	1.07595	0.00	11444.34
318	2024.02.05 11:49	t/p	159	1.86	1.07595	1.07915	1.07595	340.38	11784.72
319	2024.02.05 13:00	sell	160	1.59	1.07495	1.07659	1.07276	0.00	11784.72
320	2024.02.05 17:01	t/p	160	1.59	1.07276	1.07659	1.07276	348.21	12132.93
321	2024.02.05 19:00	sell	161	1.50	1.07351	1.07531	1.07111	0.00	12132.93
322	2024.02.06 07:40	s/l	161	1.50	1.07531	1.07531	1.07111	-266.20	11866.73
323	2024.03.07 08:00	buy	162	0.48	1.09004	1.08882	1.09167	0.00	11866.73
324	2024.03.07 10:12	s/l	162	0.48	1.08882	1.08882	1.09167	-58.56	11808.17
325	2024.03.08 08:00	buy	163	0.55	1.09466	1.09360	1.09608	0.00	11808.17
326	2024.03.08 09:26	s/l	163	0.55	1.09360	1.09360	1.09608	-58.30	11749.87
327	2024.03.08 10:00	buy	164	0.56	1.09341	1.09238	1.09479	0.00	11749.87
328	2024.03.08 15:30	s/l	164	0.56	1.09238	1.09238	1.09479	-57.68	11692.19
329	2024.03.22 19:00	sell	165	0.32	1.08057	1.08236	1.07818	0.00	11692.19
330	2024.03.25 10:21	s/l	165	0.32	1.08236	1.08236	1.07818	-56.47	11635.72
331	2024.03.29 08:00	sell	166	0.58	1.07748	1.07846	1.07617	0.00	11635.72
332	2024.03.29 12:14	s/l	166	0.58	1.07846	1.07846	1.07617	-56.84	11578.88
333	2024.03.29 19:00	sell	167	0.46	1.07878	1.08000	1.07715	0.00	11578.88
334	2024.04.01 17:00	t/p	167	0.46	1.07715	1.08000	1.07715	76.15	11655.03
335	2024.04.02 11:00	sell	168	1.71	1.07418	1.07520	1.07282	0.00	11655.03
336	2024.04.02 11:22	t/p	168	1.71	1.07282	1.07520	1.07282	232.56	11887.59
337	2024.04.11 08:00	sell	169	1.95	1.07462	1.07598	1.07281	0.00	11887.59
338	2024.04.11 09:58	t/p	169	1.95	1.07281	1.07598	1.07281	352.95	12240.54
339	2024.04.11 19:00	sell	170	1.26	1.07215	1.07431	1.06927	0.00	12240.54
340	2024.04.12 09:39	t/p	170	1.26	1.06927	1.07431	1.06927	366.08	12606.62
341	2024.04.12 10:00	sell	171	2.25	1.06835	1.06960	1.06668	0.00	12606.62
342	2024.04.12 12:18	t/p	171	2.25	1.06668	1.06960	1.06668	375.75	12982.37
343	2024.04.12 15:00	sell	172	1.77	1.06509	1.06672	1.06292	0.00	12982.37
344	2024.04.12 17:14	t/p	172	1.77	1.06292	1.06672	1.06292	384.09	13366.46
345	2024.04.15 19:00	sell	173	1.53	1.06433	1.06628	1.06173	0.00	13366.46
346	2024.04.16 04:05	t/p	173	1.53	1.06173	1.06628	1.06173	401.68	13768.14
347	2024.04.16 09:00	sell	174	2.56	1.06180	1.06300	1.06020	0.00	13768.14
348	2024.04.16 12:12	s/l	174	2.56	1.06300	1.06300	1.06020	-307.20	13460.94
349	2024.04.16 17:00	sell	175	0.36	1.06296	1.06481	1.06049	0.00	13460.94
350	2024.04.16 20:30	t/p	175	0.36	1.06049	1.06481	1.06049	88.92	13549.86
351	2024.04.19 09:00	sell	176	1.29	1.06308	1.06465	1.06099	0.00	13549.86
352	2024.04.19 09:56	s/l	176	1.29	1.06465	1.06465	1.06099	-202.53	13347.33
353	2024.04.19 10:00	sell	177	0.39	1.06448	1.06618	1.06222	0.00	13347.33
354	2024.04.19 12:50	s/l	177	0.39	1.06618	1.06618	1.06222	-66.30	13281.03
355	2024.05.06 09:00	buy	178	0.67	1.07611	1.07513	1.07742	0.00	13281.03
356	2024.05.06 11:28	t/p	178	0.67	1.07742	1.07513	1.07742	87.77	13368.80
357	2024.05.06 19:00	buy	179	1.66	1.07788	1.07669	1.07947	0.00	13368.80
358	2024.05.06 22:37	s/l	179	1.66	1.07669	1.07669	1.07947	-197.54	13171.26
359	2024.05.15 16:00	buy	180	0.49	1.08614	1.08481	1.08791	0.00	13171.26
360	2024.05.15 16:42	s/l	180	0.49	1.08481	1.08481	1.08791	-65.17	13106.09
361	2024.05.15 17:00	buy	181	0.39	1.08352	1.08186	1.08573	0.00	13106.09
362	2024.05.15 17:51	t/p	181	0.39	1.08573	1.08186	1.08573	86.19	13192.28
363	2024.05.15 18:00	buy	182	1.03	1.08578	1.08389	1.08830	0.00	13192.28
364	2024.05.15 23:14	t/p	182	1.03	1.08830	1.08389	1.08830	259.56	13451.84
365	2024.05.16 08:00	buy	183	2.52	1.08849	1.08730	1.09008	0.00	13451.84
366	2024.05.16 11:10	s/l	183	2.52	1.08730	1.08730	1.09008	-299.88	13151.96
367	2024.05.16 13:00	buy	184	0.66	1.08701	1.08602	1.08833	0.00	13151.96
368	2024.05.16 16:07	s/l	184	0.66	1.08602	1.08602	1.08833	-65.34	13086.62
369	2024.05.16 19:00	buy	185	0.49	1.08752	1.08620	1.08928	0.00	13086.62
370	2024.05.17 00:01	s/l	185	0.49	1.08620	1.08620	1.08928	-68.77	13017.85
371	2024.05.17 19:00	buy	186	0.44	1.08688	1.08541	1.08884	0.00	13017.85
372	2024.05.20 15:30	s/l	186	0.44	1.08541	1.08541	1.08884	-68.35	12949.50
373	2024.06.04 11:00	buy	187	0.62	1.08904	1.08800	1.09042	0.00	12949.50
374	2024.06.04 11:28	s/l	187	0.62	1.08800	1.08800	1.09042	-64.48	12885.02
375	2024.06.10 08:00	sell	188	0.42	1.07543	1.07695	1.07341	0.00	12885.02
376	2024.06.10 13:40	t/p	188	0.42	1.07341	1.07695	1.07341	84.84	12969.86
377	2024.06.10 15:00	sell	189	1.14	1.07536	1.07705	1.07311	0.00	12969.86
378	2024.06.11 07:20	s/l	189	1.14	1.07705	1.07705	1.07311	-189.77	12780.09
379	2024.06.11 09:00	sell	190	0.81	1.07655	1.07733	1.07551	0.00	12780.09
380	2024.06.11 09:52	s/l	190	0.81	1.07733	1.07733	1.07551	-63.18	12716.91
381	2024.06.11 11:00	sell	191	0.84	1.07640	1.07716	1.07539	0.00	12716.91
382	2024.06.11 11:48	t/p	191	0.84	1.07539	1.07716	1.07539	84.84	12801.75
383	2024.06.11 15:00	sell	192	1.48	1.07290	1.07418	1.07119	0.00	12801.75
384	2024.06.11 20:02	s/l	192	1.48	1.07418	1.07418	1.07119	-189.44	12612.31
385	2024.06.12 16:00	buy	193	0.36	1.08269	1.08097	1.08498	0.00	12612.31
386	2024.06.12 18:02	t/p	193	0.36	1.08498	1.08097	1.08498	82.44	12694.75
387	2024.06.14 08:00	sell	194	1.57	1.07363	1.07483	1.07203	0.00	12694.75
388	2024.06.14 09:36	t/p	194	1.57	1.07203	1.07483	1.07203	251.20	12945.95
389	2024.06.14 10:00	sell	195	2.85	1.07245	1.07347	1.07109	0.00	12945.95
390	2024.06.14 10:18	t/p	195	2.85	1.07109	1.07347	1.07109	387.60	13333.55
391	2024.06.14 15:00	sell	196	1.77	1.06943	1.07111	1.06719	0.00	13333.55
392	2024.06.14 16:31	t/p	196	1.77	1.06719	1.07111	1.06719	396.48	13730.03
393	2024.06.17 11:00	sell	197	2.85	1.07006	1.07114	1.06862	0.00	13730.03
394	2024.06.17 11:10	s/l	197	2.85	1.07114	1.07114	1.06862	-307.80	13422.23
395	2024.07.04 21:00	buy	198	0.69	1.08117	1.08020	1.08246	0.00	13422.23
396	2024.07.05 09:38	t/p	198	0.69	1.08246	1.08020	1.08246	83.25	13505.48
397	2024.07.11 21:00	buy	199	0.99	1.08610	1.08407	1.08881	0.00	13505.48
398	2024.07.12 12:04	t/p	199	0.99	1.08881	1.08407	1.08881	260.03	13765.51
399	2024.07.12 15:00	buy	200	2.81	1.08879	1.08769	1.09025	0.00	13765.51
400	2024.07.12 15:30	s/l	200	2.81	1.08769	1.08769	1.09025	-309.10	13456.41
401	2024.07.12 19:00	buy	201	0.47	1.09014	1.08874	1.09201	0.00	13456.41
402	2024.07.15 00:00	s/l	201	0.47	1.08874	1.08874	1.09201	-69.72	13386.69
403	2024.07.15 13:00	buy	202	0.56	1.09131	1.09012	1.09290	0.00	13386.69
404	2024.07.15 19:45	s/l	202	0.56	1.09012	1.09012	1.09290	-66.64	13320.05
405	2024.07.15 20:00	buy	203	0.45	1.09064	1.08918	1.09259	0.00	13320.05
406	2024.07.16 00:01	s/l	203	0.45	1.08918	1.08918	1.09259	-69.45	13250.59
407	2024.07.17 13:00	buy	204	0.49	1.09438	1.09304	1.09617	0.00	13250.59
408	2024.07.17 13:54	s/l	204	0.49	1.09304	1.09304	1.09617	-65.66	13184.93
409	2024.07.17 15:00	buy	205	0.42	1.09345	1.09191	1.09550	0.00	13184.93
410	2024.07.18 16:18	s/l	205	0.42	1.09191	1.09191	1.09550	-75.19	13109.74
411	2024.08.05 09:00	buy	206	0.37	1.09130	1.08955	1.09363	0.00	13109.74
412	2024.08.05 09:11	s/l	206	0.37	1.08955	1.08955	1.09363	-64.75	13044.99
413	2024.08.14 12:00	buy	207	0.56	1.10193	1.10078	1.10347	0.00	13044.99
414	2024.08.14 15:30	t/p	207	0.56	1.10347	1.10078	1.10347	86.24	13131.23
415	2024.08.14 16:00	buy	208	1.38	1.10168	1.10026	1.10358	0.00	13131.23
416	2024.08.14 16:09	t/p	208	1.38	1.10358	1.10026	1.10358	262.20	13393.43
417	2024.08.14 17:00	buy	209	1.80	1.10376	1.10210	1.10597	0.00	13393.43
418	2024.08.14 19:04	s/l	209	1.80	1.10210	1.10210	1.10597	-298.80	13094.63
419	2024.08.14 20:00	buy	210	0.33	1.10184	1.09988	1.10445	0.00	13094.63
420	2024.08.15 15:30	s/l	210	0.33	1.09988	1.09988	1.10445	-72.94	13021.69
421	2024.08.19 08:00	buy	211	0.56	1.10397	1.10282	1.10551	0.00	13021.69
422	2024.08.19 17:24	t/p	211	0.56	1.10551	1.10282	1.10551	86.24	13107.93
423	2024.08.19 19:00	buy	212	1.21	1.10693	1.10531	1.10909	0.00	13107.93
424	2024.08.20 15:48	t/p	212	1.21	1.10909	1.10531	1.10909	251.26	13359.19
425	2024.08.20 18:00	buy	213	1.95	1.11117	1.10964	1.11321	0.00	13359.19
426	2024.08.21 03:31	t/p	213	1.95	1.11321	1.10964	1.11321	381.53	13740.72
427	2024.08.21 09:00	buy	214	2.85	1.11180	1.11072	1.11324	0.00	13740.72
428	2024.08.21 17:00	s/l	214	2.85	1.11072	1.11072	1.11324	-307.80	13432.92
429	2024.08.22 08:00	buy	215	0.47	1.11435	1.11294	1.11623	0.00	13432.92
430	2024.08.22 10:15	t/p	215	0.47	1.11623	1.11294	1.11623	88.36	13521.28
431	2024.08.23 08:00	buy	216	1.78	1.11279	1.11166	1.11430	0.00	13521.28
432	2024.08.23 10:40	s/l	216	1.78	1.11166	1.11166	1.11430	-201.14	13320.14
433	2024.08.26 09:00	buy	217	0.41	1.11792	1.11630	1.12008	0.00	13320.14
434	2024.08.26 14:35	s/l	217	0.41	1.11630	1.11630	1.12008	-66.42	13253.72
435	2024.08.26 20:00	buy	218	0.41	1.11713	1.11554	1.11925	0.00	13253.72
436	2024.08.27 15:18	s/l	218	0.41	1.11554	1.11554	1.11925	-68.61	13185.11
437	2024.09.20 08:00	buy	219	0.60	1.11651	1.11541	1.11797	0.00	13185.11
438	2024.09.20 10:10	t/p	219	0.60	1.11797	1.11541	1.11797	87.60	13272.71
439	2024.09.25 10:00	buy	220	1.72	1.11907	1.11792	1.12060	0.00	13272.71
440	2024.09.25 12:16	s/l	220	1.72	1.11792	1.11792	1.12060	-197.80	13074.91
441	2024.09.25 13:00	buy	221	0.54	1.11833	1.11712	1.11994	0.00	13074.91
442	2024.09.25 15:30	t/p	221	0.54	1.11994	1.11712	1.11994	86.94	13161.85
443	2024.09.25 16:00	buy	222	1.44	1.11977	1.11841	1.12158	0.00	13161.85
444	2024.09.25 17:15	s/l	222	1.44	1.11841	1.11841	1.12158	-195.84	12966.01
445	2024.10.02 20:00	sell	223	0.30	1.10466	1.10676	1.10186	0.00	12966.01
446	2024.10.03 17:04	t/p	223	0.30	1.10186	1.10676	1.10186	86.28	13052.29
447	2024.10.03 19:00	sell	224	1.04	1.10148	1.10333	1.09901	0.00	13052.29
448	2024.10.03 19:47	s/l	224	1.04	1.10333	1.10333	1.09901	-192.40	12859.89
449	2024.10.09 18:00	sell	225	0.41	1.09476	1.09631	1.09270	0.00	12859.89
450	2024.10.10 15:30	t/p	225	0.41	1.09270	1.09631	1.09270	87.58	12947.47
451	2024.10.14 21:00	sell	226	1.35	1.09039	1.09181	1.08849	0.00	12947.47
452	2024.10.15 20:20	t/p	226	1.35	1.08849	1.09181	1.08849	259.92	13207.40
453	2024.10.16 10:00	sell	227	3.17	1.08776	1.08869	1.08652	0.00	13207.40
454	2024.10.16 12:05	s/l	227	3.17	1.08869	1.08869	1.08652	-294.81	12912.59
455	2024.10.17 08:00	sell	228	0.51	1.08533	1.08658	1.08366	0.00	12912.59
456	2024.10.17 14:04	s/l	228	0.51	1.08658	1.08658	1.08366	-63.75	12848.84
457	2024.10.18 08:00	sell	229	0.64	1.08405	1.08505	1.08272	0.00	12848.84
458	2024.10.18 14:48	s/l	229	0.64	1.08505	1.08505	1.08272	-64.00	12784.84
459	2024.10.21 21:00	sell	230	0.44	1.08160	1.08305	1.07966	0.00	12784.84
460	2024.10.22 10:38	s/l	230	0.44	1.08305	1.08305	1.07966	-62.68	12722.15
461	2024.10.23 09:00	sell	231	0.67	1.08065	1.08159	1.07940	0.00	12722.15
462	2024.10.23 09:38	t/p	231	0.67	1.07940	1.08159	1.07940	83.75	12805.90
463	2024.10.23 15:00	sell	232	1.59	1.07631	1.07751	1.07471	0.00	12805.90
464	2024.10.23 15:49	s/l	232	1.59	1.07751	1.07751	1.07471	-190.80	12615.10
465	2024.10.23 16:00	sell	233	0.48	1.07742	1.07873	1.07568	0.00	12615.10
466	2024.10.24 03:50	s/l	233	0.48	1.07873	1.07873	1.07568	-59.23	12555.87
467	2024.11.07 09:00	sell	234	0.29	1.07475	1.07687	1.07192	0.00	12555.87
468	2024.11.07 09:24	s/l	234	0.29	1.07687	1.07687	1.07192	-61.48	12494.39
469	2024.11.07 10:00	sell	235	0.28	1.07523	1.07742	1.07232	0.00	12494.39
470	2024.11.07 14:55	s/l	235	0.28	1.07742	1.07742	1.07232	-61.32	12433.07
471	2024.11.11 08:00	sell	236	0.30	1.07174	1.07376	1.06904	0.00	12433.07
472	2024.11.11 09:49	t/p	236	0.30	1.06904	1.07376	1.06904	81.00	12514.07
473	2024.11.11 11:00	sell	237	1.06	1.06871	1.07046	1.06638	0.00	12514.07
474	2024.11.11 13:06	t/p	237	1.06	1.06638	1.07046	1.06638	246.98	12761.05
475	2024.11.11 14:00	sell	238	1.37	1.06624	1.06833	1.06345	0.00	12761.05
476	2024.11.11 16:50	t/p	238	1.37	1.06345	1.06833	1.06345	382.23	13143.28
477	2024.11.12 11:00	sell	239	1.89	1.06316	1.06471	1.06110	0.00	13143.28
478	2024.11.12 14:20	t/p	239	1.89	1.06110	1.06471	1.06110	389.34	13532.62
479	2024.11.12 15:00	sell	240	1.68	1.06196	1.06374	1.05958	0.00	13532.62
480	2024.11.12 19:04	t/p	240	1.68	1.05958	1.06374	1.05958	399.84	13932.46
481	2024.11.14 08:00	sell	241	1.73	1.05469	1.05648	1.05231	0.00	13932.46
482	2024.11.14 11:29	t/p	241	1.73	1.05231	1.05648	1.05231	411.74	14344.20
483	2024.11.14 13:00	sell	242	1.73	1.05112	1.05298	1.04864	0.00	14344.20
484	2024.11.14 13:51	s/l	242	1.73	1.05298	1.05298	1.04864	-321.78	14022.42
485	2024.11.14 14:00	sell	243	0.31	1.05288	1.05509	1.04993	0.00	14022.42
486	2024.11.14 16:20	s/l	243	0.31	1.05509	1.05509	1.04993	-68.51	13953.91
487	2024.11.15 08:00	sell	244	0.39	1.05400	1.05578	1.05162	0.00	13953.91
488	2024.11.15 08:47	s/l	244	0.39	1.05578	1.05578	1.05162	-69.42	13884.49
489	2024.11.21 08:00	sell	245	0.60	1.05470	1.05585	1.05316	0.00	13884.49
490	2024.11.21 09:30	t/p	245	0.60	1.05316	1.05585	1.05316	92.40	13976.89
491	2024.11.21 10:00	sell	246	1.95	1.05365	1.05472	1.05223	0.00	13976.89
492	2024.11.21 11:20	t/p	246	1.95	1.05223	1.05472	1.05223	276.90	14253.79
493	2024.11.21 13:00	sell	247	2.13	1.05208	1.05357	1.05010	0.00	14253.79
494	2024.11.21 14:52	s/l	247	2.13	1.05357	1.05357	1.05010	-317.37	13936.42
495	2024.11.21 16:00	sell	248	0.36	1.05328	1.05519	1.05074	0.00	13936.42
496	2024.11.21 18:06	t/p	248	0.36	1.05074	1.05519	1.05074	91.44	14027.86
497	2024.11.22 08:00	sell	249	1.09	1.04644	1.04836	1.04389	0.00	14027.86
498	2024.11.22 09:32	s/l	249	1.09	1.04836	1.04836	1.04389	-209.28	13818.58
499	2024.11.22 10:00	sell	250	0.44	1.04860	1.05014	1.04655	0.00	13818.58
500	2024.11.22 10:46	t/p	250	0.44	1.04655	1.05014	1.04655	90.20	13908.78
501	2024.12.19 14:00	sell	251	0.92	1.04031	1.04253	1.03735	0.00	13908.78
502	2024.12.19 18:11	t/p	251	0.92	1.03735	1.04253	1.03735	272.32	14181.10
503	2024.12.20 08:00	sell	252	1.86	1.03661	1.03831	1.03434	0.00	14181.10
504	2024.12.20 08:12	t/p	252	1.86	1.03434	1.03831	1.03434	422.22	14603.32
505	2024.12.20 09:00	sell	253	1.84	1.03751	1.03928	1.03515	0.00	14603.32
506	2024.12.20 10:15	s/l	253	1.84	1.03928	1.03928	1.03515	-325.68	14277.64
507	2025.01.02 08:00	sell	254	0.46	1.03638	1.03792	1.03432	0.00	14277.64
508	2025.01.02 12:32	t/p	254	0.46	1.03432	1.03792	1.03432	94.76	14372.40
509	2025.01.02 13:00	sell	255	1.04	1.03160	1.03363	1.02889	0.00	14372.40
510	2025.01.02 17:27	t/p	255	1.04	1.02889	1.03363	1.02889	281.84	14654.24
511	2025.01.03 08:00	sell	256	1.71	1.02716	1.02908	1.02460	0.00	14654.24
512	2025.01.03 11:10	s/l	256	1.71	1.02908	1.02908	1.02460	-328.32	14325.92
513	2025.01.03 19:00	sell	257	0.34	1.02908	1.03114	1.02634	0.00	14325.92
514	2025.01.06 03:17	s/l	257	0.34	1.03114	1.03114	1.02634	-69.18	14256.75
515	2025.01.09 09:00	sell	258	0.53	1.03008	1.03141	1.02830	0.00	14256.75
516	2025.01.09 11:18	s/l	258	0.53	1.03141	1.03141	1.02830	-70.49	14186.26
517	2025.01.13 08:00	sell	259	0.34	1.02193	1.02397	1.01921	0.00	14186.26
518	2025.01.13 11:27	t/p	259	0.34	1.01921	1.02397	1.01921	92.48	14278.74
519	2025.01.22 09:00	buy	260	1.03	1.04043	1.03837	1.04317	0.00	14278.74
520	2025.01.22 11:26	t/p	260	1.03	1.04317	1.03837	1.04317	282.22	14560.96
521	2025.01.22 18:00	buy	261	1.48	1.04200	1.03980	1.04494	0.00	14560.96
522	2025.01.23 04:06	s/l	261	1.48	1.03980	1.03980	1.04494	-362.65	14198.31
523	2025.01.24 09:00	buy	262	0.35	1.04572	1.04370	1.04842	0.00	14198.31
524	2025.01.24 10:15	t/p	262	0.35	1.04842	1.04370	1.04842	94.50	14292.81
525	2025.01.27 11:00	buy	263	1.06	1.04878	1.04678	1.05145	0.00	14292.81
526	2025.01.27 13:13	t/p	263	1.06	1.05145	1.04678	1.05145	283.02	14575.83
527	2025.02.10 12:00	sell	264	1.46	1.03264	1.03488	1.02966	0.00	14575.83
528	2025.02.11 04:35	t/p	264	1.46	1.02966	1.03488	1.02966	438.78	15014.61
529	2025.02.17 08:00	buy	265	2.20	1.04899	1.04747	1.05101	0.00	15014.61
530	2025.02.17 10:27	s/l	265	2.20	1.04747	1.04747	1.05101	-334.40	14680.21
531	2025.02.17 13:00	buy	266	0.46	1.04891	1.04732	1.05103	0.00	14680.21
532	2025.02.17 14:35	s/l	266	0.46	1.04732	1.04732	1.05103	-73.14	14607.07
533	2025.02.17 20:00	buy	267	0.45	1.04827	1.04667	1.05041	0.00	14607.07
534	2025.02.18 03:28	s/l	267	0.45	1.04667	1.04667	1.05041	-75.75	14531.32
535	2025.02.21 08:00	buy	268	0.43	1.04931	1.04764	1.05154	0.00	14531.32
536	2025.02.21 10:15	s/l	268	0.43	1.04764	1.04764	1.05154	-71.81	14459.51
537	2025.02.28 08:00	sell	269	0.44	1.03887	1.04048	1.03673	0.00	14459.51
538	2025.02.28 11:00	s/l	269	0.44	1.04048	1.04048	1.03673	-70.84	14388.67
539	2025.02.28 15:00	sell	270	0.46	1.04067	1.04223	1.03860	0.00	14388.67
540	2025.02.28 20:16	t/p	270	0.46	1.03860	1.04223	1.03860	95.22	14483.89
541	2025.03.12 10:00	buy	271	1.27	1.09014	1.08844	1.09241	0.00	14483.89
542	2025.03.12 11:08	t/p	271	1.27	1.09241	1.08844	1.09241	288.29	14772.18
543	2025.03.12 12:00	buy	272	1.93	1.09143	1.08972	1.09371	0.00	14772.18
544	2025.03.12 14:05	s/l	272	1.93	1.08972	1.08972	1.09371	-330.03	14442.15
545	2025.03.17 08:00	buy	273	0.42	1.08780	1.08608	1.09009	0.00	14442.15
546	2025.03.17 12:00	t/p	273	0.42	1.09009	1.08608	1.09009	96.18	14538.33
547	2025.03.17 14:00	buy	274	1.14	1.09025	1.08834	1.09280	0.00	14538.33
548	2025.03.17 17:28	t/p	274	1.14	1.09280	1.08834	1.09280	290.70	14829.03
549	2025.03.17 19:00	buy	275	1.48	1.09213	1.08992	1.09508	0.00	14829.03
550	2025.03.18 10:15	t/p	275	1.48	1.09508	1.08992	1.09508	424.25	15253.28
551	2025.03.18 11:00	buy	276	2.52	1.09519	1.09384	1.09699	0.00	15253.28
552	2025.03.18 12:25	s/l	276	2.52	1.09384	1.09384	1.09699	-340.20	14913.08
553	2025.03.27 08:00	sell	277	0.35	1.07684	1.07897	1.07400	0.00	14913.08
554	2025.03.27 13:06	s/l	277	0.35	1.07897	1.07897	1.07400	-74.55	14838.53
555	2025.04.18 19:00	buy	278	0.52	1.13916	1.13775	1.14104	0.00	14838.53
556	2025.04.21 00:31	t/p	278	0.52	1.14104	1.13775	1.14104	93.42	14931.95
557	2025.05.02 08:00	sell	279	1.00	1.13039	1.13259	1.12745	0.00	14931.95
558	2025.05.02 09:21	s/l	279	1.00	1.13259	1.13259	1.12745	-220.00	14711.95
559	2025.05.09 09:00	sell	280	0.33	1.12352	1.12571	1.12060	0.00	14711.95
560	2025.05.09 10:44	s/l	280	0.33	1.12571	1.12571	1.12060	-72.27	14639.68
561	2025.05.13 09:00	sell	281	0.35	1.11103	1.11310	1.10827	0.00	14639.68
562	2025.05.13 16:00	s/l	281	0.35	1.11310	1.11310	1.10827	-72.45	14567.23
563	2025.05.21 09:00	buy	282	0.36	1.13315	1.13115	1.13581	0.00	14567.23
564	2025.05.21 13:25	t/p	282	0.36	1.13581	1.13115	1.13581	95.76	14662.99
565	2025.05.26 09:00	buy	283	1.00	1.14166	1.13949	1.14455	0.00	14662.99
566	2025.05.26 10:14	s/l	283	1.00	1.13949	1.13949	1.14455	-217.00	14445.99
567	2025.05.26 11:00	buy	284	0.33	1.13891	1.13674	1.14180	0.00	14445.99
568	2025.05.27 08:27	s/l	284	0.33	1.13674	1.13674	1.14180	-74.36	14371.62
569	2025.06.03 09:00	buy	285	0.37	1.14222	1.14028	1.14481	0.00	14371.62
570	2025.06.03 12:03	s/l	285	0.37	1.14028	1.14028	1.14481	-71.78	14299.84
571	2025.06.06 08:00	buy	286	0.41	1.14394	1.14222	1.14624	0.00	14299.84
572	2025.06.06 10:28	s/l	286	0.41	1.14222	1.14222	1.14624	-70.52	14229.32
573	2025.06.12 08:00	buy	287	0.36	1.15148	1.14955	1.15406	0.00	14229.32
574	2025.06.12 11:49	t/p	287	0.36	1.15406	1.14955	1.15406	92.88	14322.20
575	2025.06.26 08:00	buy	288	0.96	1.16794	1.16572	1.17090	0.00	14322.20
576	2025.06.26 10:16	t/p	288	0.96	1.17090	1.16572	1.17090	284.16	14606.36
577	2025.07.01 09:00	buy	289	1.75	1.17862	1.17675	1.18111	0.00	14606.36
578	2025.07.01 10:03	s/l	289	1.75	1.17675	1.17675	1.18111	-327.25	14279.11
579	2025.07.01 11:00	buy	290	0.38	1.17836	1.17649	1.18085	0.00	14279.11
580	2025.07.01 11:54	t/p	290	0.38	1.18085	1.17649	1.18085	94.62	14373.73
581	2025.07.03 13:00	buy	291	1.04	1.17920	1.17717	1.18191	0.00	14373.73
582	2025.07.03 15:30	s/l	291	1.04	1.17717	1.17717	1.18191	-211.12	14162.61
583	2025.07.04 19:00	buy	292	0.49	1.17784	1.17641	1.17975	0.00	14162.61
584	2025.07.07 07:47	s/l	292	0.49	1.17641	1.17641	1.17975	-74.16	14088.46
585	2025.07.16 09:00	sell	293	0.53	1.16198	1.16330	1.16022	0.00	14088.46
586	2025.07.16 14:57	t/p	293	0.53	1.16022	1.16330	1.16022	93.28	14181.74
587	2025.07.16 15:00	sell	294	1.42	1.16029	1.16177	1.15831	0.00	14181.74
588	2025.07.16 16:21	t/p	294	1.42	1.15831	1.16177	1.15831	281.16	14462.90
589	2025.07.16 17:00	sell	295	1.61	1.15720	1.15921	1.15453	0.00	14462.90
590	2025.07.16 17:54	s/l	295	1.61	1.15921	1.15921	1.15453	-323.61	14139.29
591	2025.07.17 09:00	sell	296	0.32	1.16162	1.16378	1.15874	0.00	14139.29
592	2025.07.17 09:23	t/p	296	0.32	1.15874	1.16378	1.15874	92.16	14231.45
593	2025.07.17 10:00	sell	297	0.96	1.15829	1.16049	1.15536	0.00	14231.45
594	2025.07.17 11:32	s/l	297	0.96	1.16049	1.16049	1.15536	-211.20	14020.25
595	2025.07.17 13:00	sell	298	0.32	1.15903	1.16121	1.15612	0.00	14020.25
596	2025.07.17 15:30	t/p	298	0.32	1.15612	1.16121	1.15612	93.12	14113.37
597	2025.07.24 17:00	buy	299	0.99	1.17715	1.17501	1.18000	0.00	14113.37
598	2025.07.24 23:36	s/l	299	0.99	1.17501	1.17501	1.18000	-211.86	13901.51
599	2025.07.29 11:00	sell	300	0.31	1.15543	1.15763	1.15250	0.00	13901.51
600	2025.07.29 12:21	s/l	300	0.31	1.15763	1.15763	1.15250	-68.20	13833.31
601	2025.07.30 09:00	sell	301	0.41	1.15495	1.15660	1.15275	0.00	13833.31
602	2025.07.30 10:10	s/l	301	0.41	1.15660	1.15660	1.15275	-67.65	13765.66
603	2025.07.30 11:00	sell	302	0.41	1.15527	1.15693	1.15305	0.00	13765.66
604	2025.07.30 14:08	t/p	302	0.41	1.15305	1.15693	1.15305	91.02	13856.68
605	2025.07.30 15:00	sell	303	1.03	1.15306	1.15506	1.15039	0.00	13856.68
606	2025.07.30 15:31	t/p	303	1.03	1.15039	1.15506	1.15039	275.01	14131.69
607	2025.08.01 10:00	sell	304	1.64	1.14292	1.14484	1.14035	0.00	14131.69
608	2025.08.01 12:22	t/p	304	1.64	1.14035	1.14484	1.14035	421.48	14553.17
609	2025.08.07 08:00	buy	305	1.61	1.16709	1.16507	1.16978	0.00	14553.17
610	2025.08.07 11:04	t/p	305	1.61	1.16978	1.16507	1.16978	433.09	14986.26
611	2025.08.07 13:00	buy	306	1.86	1.16704	1.16525	1.16943	0.00	14986.26
612	2025.08.07 14:13	s/l	306	1.86	1.16525	1.16525	1.16943	-332.94	14653.32
613	2025.08.13 12:00	buy	307	0.48	1.17137	1.16985	1.17339	0.00	14653.32
614	2025.08.13 15:51	s/l	307	0.48	1.16985	1.16985	1.17339	-72.96	14580.36
615	2025.08.13 16:00	buy	308	0.38	1.16986	1.16795	1.17241	0.00	14580.36
616	2025.08.14 10:23	s/l	308	0.38	1.16795	1.16795	1.17241	-82.09	14498.26
617	2025.09.08 08:00	buy	309	0.38	1.17133	1.16947	1.17381	0.00	14498.26
618	2025.09.08 11:02	t/p	309	0.38	1.17381	1.16947	1.17381	94.24	14592.50
619	2025.09.08 12:00	buy	310	1.32	1.17313	1.17148	1.17533	0.00	14592.50
620	2025.09.08 16:14	t/p	310	1.32	1.17533	1.17148	1.17533	290.40	14882.90
621	2025.09.08 17:00	buy	311	1.89	1.17511	1.17335	1.17746	0.00	14882.90
622	2025.09.09 04:52	t/p	311	1.89	1.17746	1.17335	1.17746	428.38	15311.28
623	2025.09.09 09:00	buy	312	2.20	1.17786	1.17630	1.17994	0.00	15311.28
624	2025.09.09 09:44	s/l	312	2.20	1.17630	1.17630	1.17994	-343.20	14968.08
625	2025.09.09 11:00	buy	313	0.43	1.17526	1.17354	1.17756	0.00	14968.08
626	2025.09.09 15:01	s/l	313	0.43	1.17354	1.17354	1.17756	-73.96	14894.12
627	2025.09.16 11:00	buy	314	0.55	1.17944	1.17810	1.18123	0.00	14894.12
628	2025.09.16 12:37	t/p	314	0.55	1.18123	1.17810	1.18123	98.45	14992.57
629	2025.09.16 15:00	buy	315	1.26	1.18146	1.17969	1.18383	0.00	14992.57
630	2025.09.16 15:30	s/l	315	1.26	1.17969	1.17969	1.18383	-223.02	14769.55
631	2025.09.16 16:00	buy	316	0.36	1.18046	1.17846	1.18312	0.00	14769.55
632	2025.09.16 17:05	t/p	316	0.36	1.18312	1.17846	1.18312	95.76	14865.31
633	2025.09.17 09:00	buy	317	1.38	1.18585	1.18425	1.18799	0.00	14865.31
634	2025.09.17 10:19	s/l	317	1.38	1.18425	1.18425	1.18799	-220.80	14644.51
635	2025.09.17 11:00	buy	318	0.50	1.18409	1.18264	1.18602	0.00	14644.51
636	2025.09.17 21:00	t/p	318	0.50	1.18602	1.18264	1.18602	96.50	14741.01
637	2025.09.26 08:00	sell	319	1.23	1.16801	1.16979	1.16564	0.00	14741.01
638	2025.09.26 17:12	s/l	319	1.23	1.16979	1.16979	1.16564	-218.94	14522.07
639	2025.10.08 09:00	sell	320	0.47	1.16175	1.16327	1.15972	0.00	14522.07
640	2025.10.08 10:48	s/l	320	0.47	1.16327	1.16327	1.15972	-71.44	14450.63
641	2025.10.08 11:00	sell	321	0.43	1.16312	1.16476	1.16093	0.00	14450.63
642	2025.10.08 12:42	t/p	321	0.43	1.16093	1.16476	1.16093	94.17	14544.80
643	2025.10.08 13:00	sell	322	1.18	1.16116	1.16299	1.15872	0.00	14544.80
644	2025.10.08 13:44	s/l	322	1.18	1.16299	1.16299	1.15872	-215.94	14328.86
645	2025.10.08 15:00	sell	323	0.35	1.16265	1.16468	1.15994	0.00	14328.86
646	2025.10.08 19:30	t/p	323	0.35	1.15994	1.16468	1.15994	94.85	14423.71
647	2025.10.09 10:00	sell	324	1.32	1.16154	1.16316	1.15938	0.00	14423.71
648	2025.10.09 16:43	t/p	324	1.32	1.15938	1.16316	1.15938	285.12	14708.83
649	2025.10.09 17:00	sell	325	1.55	1.16024	1.16237	1.15740	0.00	14708.83
650	2025.10.09 18:05	t/p	325	1.55	1.15740	1.16237	1.15740	440.20	15149.03
651	2025.10.10 08:00	sell	326	1.73	1.15737	1.15931	1.15478	0.00	15149.03
652	2025.10.10 18:03	s/l	326	1.73	1.15931	1.15931	1.15478	-335.62	14813.41
653	2025.10.13 11:00	sell	327	0.34	1.15999	1.16213	1.15713	0.00	14813.41
654	2025.10.13 14:55	t/p	327	0.34	1.15713	1.16213	1.15713	97.24	14910.65
655	2025.10.13 17:00	sell	328	0.99	1.15750	1.15975	1.15450	0.00	14910.65
656	2025.10.14 10:43	t/p	328	0.99	1.15450	1.15975	1.15450	299.51	15210.16
657	2025.10.14 15:00	sell	329	1.68	1.15523	1.15725	1.15254	0.00	15210.16
658	2025.10.14 16:25	s/l	329	1.68	1.15725	1.15725	1.15254	-339.36	14870.80
659	2025.10.17 09:00	buy	330	0.43	1.17230	1.17058	1.17460	0.00	14870.80
660	2025.10.17 10:03	s/l	330	0.43	1.17058	1.17058	1.17460	-73.96	14796.84
661	2025.10.31 08:00	sell	331	0.61	1.15681	1.15802	1.15520	0.00	14796.84
662	2025.10.31 15:03	t/p	331	0.61	1.15520	1.15802	1.15520	98.21	14895.05
663	2025.10.31 19:00	sell	332	1.09	1.15304	1.15507	1.15033	0.00	14895.05
664	2025.11.04 03:11	t/p	332	1.09	1.15033	1.15507	1.15033	300.92	15195.97
665	2025.11.04 15:00	sell	333	1.93	1.14896	1.15071	1.14662	0.00	15195.97
666	2025.11.06 03:03	s/l	333	1.93	1.15071	1.15071	1.14662	-318.17	14877.80
667	2025.11.14 08:00	buy	334	0.52	1.16477	1.16336	1.16665	0.00	14877.80
668	2025.11.14 08:49	s/l	334	0.52	1.16336	1.16336	1.16665	-73.32	14804.48
669	2025.11.14 09:00	buy	335	0.51	1.16376	1.16232	1.16569	0.00	14804.48
670	2025.11.14 10:21	s/l	335	0.51	1.16232	1.16232	1.16569	-73.44	14731.04
671	2025.11.14 15:00	buy	336	0.38	1.16532	1.16340	1.16788	0.00	14731.04
672	2025.11.14 16:06	s/l	336	0.38	1.16340	1.16340	1.16788	-72.96	14658.08
673	2025.11.20 13:00	sell	337	0.52	1.15271	1.15411	1.15084	0.00	14658.08
674	2025.11.20 14:54	t/p	337	0.52	1.15084	1.15411	1.15084	97.24	14755.32
675	2025.12.03 16:00	buy	338	1.71	1.16663	1.16535	1.16834	0.00	14755.32
676	2025.12.04 05:39	s/l	338	1.71	1.16535	1.16535	1.16834	-261.68	14493.64
677	2025.12.11 14:00	buy	339	0.45	1.17136	1.16978	1.17347	0.00	14493.64
678	2025.12.11 15:49	t/p	339	0.45	1.17347	1.16978	1.17347	94.95	14588.59
679	2025.12.11 16:00	buy	340	1.30	1.17315	1.17148	1.17537	0.00	14588.59
680	2025.12.11 17:49	t/p	340	1.30	1.17537	1.17148	1.17537	288.60	14877.19
681	2025.12.11 19:00	buy	341	1.68	1.17552	1.17354	1.17816	0.00	14877.19
682	2025.12.12 00:01	s/l	341	1.68	1.17354	1.17354	1.17816	-346.66	14530.53
683	2025.12.15 19:00	buy	342	0.45	1.17557	1.17397	1.17771	0.00	14530.53
684	2025.12.15 20:48	s/l	342	0.45	1.17397	1.17397	1.17771	-72.00	14458.53
685	2025.12.15 21:00	buy	343	0.44	1.17433	1.17269	1.17652	0.00	14458.53
686	2025.12.16 14:16	t/p	343	0.44	1.17652	1.17269	1.17652	92.69	14551.22
687	2025.12.16 17:00	buy	344	1.09	1.17999	1.17800	1.18265	0.00	14551.22
688	2025.12.16 17:21	s/l	344	1.09	1.17800	1.17800	1.18265	-216.91	14334.31
689	2025.12.23 15:00	buy	345	0.56	1.17897	1.17770	1.18067	0.00	14334.31
690	2025.12.23 15:52	s/l	345	0.56	1.17770	1.17770	1.18067	-71.12	14263.19
691	2025.12.23 16:00	buy	346	0.50	1.17749	1.17607	1.17938	0.00	14263.19
692	2025.12.23 23:37	t/p	346	0.50	1.17938	1.17607	1.17938	94.50	14357.69
693	2025.12.24 09:00	buy	347	1.53	1.17998	1.17857	1.18185	0.00	14357.69
694	2025.12.24 10:06	s/l	347	1.53	1.17857	1.17857	1.18185	-215.73	14141.96
695	2026.01.05 17:00	sell	348	0.37	1.16856	1.17045	1.16604	0.00	14141.96
696	2026.01.05 17:57	s/l	348	0.37	1.17045	1.17045	1.16604	-69.93	14072.03
697	2026.01.16 08:00	sell	349	0.67	1.16065	1.16169	1.15926	0.00	14072.03
698	2026.01.16 12:34	s/l	349	0.67	1.16169	1.16169	1.15926	-69.68	14002.35
699	2026.01.23 08:00	buy	350	0.54	1.17509	1.17380	1.17680	0.00	14002.35
700	2026.01.23 09:20	s/l	350	0.54	1.17380	1.17380	1.17680	-69.66	13932.69
701	2026.01.23 10:00	buy	351	0.61	1.17361	1.17248	1.17512	0.00	13932.69
702	2026.01.23 17:07	t/p	351	0.61	1.17512	1.17248	1.17512	92.11	14024.80
703	2026.01.23 19:00	buy	352	1.16	1.17707	1.17528	1.17946	0.00	14024.80
704	2026.01.23 19:30	t/p	352	1.16	1.17946	1.17528	1.17946	277.24	14302.04
705	2026.01.23 20:00	buy	353	1.55	1.17944	1.17739	1.18218	0.00	14302.04
706	2026.01.23 22:23	t/p	353	1.55	1.18218	1.17739	1.18218	424.70	14726.74
707	2026.02.03 11:00	sell	354	1.98	1.18126	1.18292	1.17904	0.00	14726.74
708	2026.02.03 12:18	t/p	354	1.98	1.17904	1.18292	1.17904	439.56	15166.30
709	2026.02.03 15:00	sell	355	1.80	1.17963	1.18153	1.17710	0.00	15166.30
710	2026.02.03 18:02	s/l	355	1.80	1.18153	1.18153	1.17710	-342.00	14824.30
711	2026.02.10 09:00	buy	356	0.49	1.19032	1.18882	1.19232	0.00	14824.30
712	2026.02.10 15:01	s/l	356	0.49	1.18882	1.18882	1.19232	-73.50	14750.80
713	2026.02.11 09:00	buy	357	0.46	1.19153	1.18996	1.19363	0.00	14750.80
714	2026.02.11 14:30	s/l	357	0.46	1.18996	1.18996	1.19363	-72.22	14678.58
715	2026.02.19 10:00	sell	358	0.56	1.18005	1.18136	1.17831	0.00	14678.58
716	2026.02.19 13:19	t/p	358	0.56	1.17831	1.18136	1.17831	97.44	14776.02
717	2026.02.19 16:00	sell	359	1.42	1.17653	1.17808	1.17446	0.00	14776.02
718	2026.02.19 16:23	t/p	359	1.42	1.17446	1.17808	1.17446	293.94	15069.96
719	2026.02.19 17:00	sell	360	1.93	1.17517	1.17691	1.17285	0.00	15069.96
720	2026.02.19 17:08	s/l	360	1.93	1.17691	1.17691	1.17285	-335.82	14734.14
721	2026.02.19 19:00	sell	361	0.35	1.17612	1.17817	1.17338	0.00	14734.14
722	2026.02.20 15:30	s/l	361	0.35	1.17817	1.17817	1.17338	-70.86	14663.27
723	2026.03.05 08:00	sell	362	0.37	1.15944	1.16138	1.15686	0.00	14663.27
724	2026.03.05 08:50	s/l	362	0.37	1.16138	1.16138	1.15686	-71.78	14591.49
725	2026.03.05 09:00	sell	363	0.35	1.16066	1.16271	1.15792	0.00	14591.49
726	2026.03.05 11:06	s/l	363	0.35	1.16271	1.16271	1.15792	-71.75	14519.74
727	2026.03.06 15:00	sell	364	0.38	1.15548	1.15736	1.15298	0.00	14519.74
728	2026.03.06 15:30	s/l	364	0.38	1.15736	1.15736	1.15298	-71.44	14448.30
729	2026.03.12 08:00	sell	365	0.37	1.15396	1.15590	1.15138	0.00	14448.30
730	2026.03.12 11:41	s/l	365	0.37	1.15590	1.15590	1.15138	-71.78	14376.52
731	2026.03.12 13:00	sell	366	0.35	1.15578	1.15782	1.15306	0.00	14376.52
732	2026.03.12 15:19	t/p	366	0.35	1.15306	1.15782	1.15306	95.20	14471.72
733	2026.03.13 08:00	sell	367	1.39	1.15008	1.15163	1.14802	0.00	14471.72
734	2026.03.13 09:00	t/p	367	1.39	1.14802	1.15163	1.14802	286.34	14758.06
735	2026.03.13 10:00	sell	368	1.89	1.14578	1.14752	1.14346	0.00	14758.06
736	2026.03.13 10:19	t/p	368	1.89	1.14346	1.14752	1.14346	438.48	15196.54
737	2026.03.16 08:00	sell	369	1.84	1.14344	1.14528	1.14098	0.00	15196.54
738	2026.03.16 12:10	s/l	369	1.84	1.14528	1.14528	1.14098	-338.56	14857.98
739	2026.03.17 09:00	sell	370	0.39	1.14816	1.15006	1.14562	0.00	14857.98
740	2026.03.17 10:30	s/l	370	0.39	1.15006	1.15006	1.14562	-74.10	14783.88
