1	2020.02.24 10:30	buy	1	1.08	1.08283	1.08099	1.08743	0.00	10000.00
2	2020.02.24 17:07	modify	1	1.08	1.08283	1.08293	1.08743	0.00	10000.00
3	2020.02.25 18:16	t/p	1	1.08	1.08743	1.08293	1.08743	487.79	10487.79
4	2020.03.04 10:00	buy	2	12.78	1.11594	1.11430	1.12004	0.00	10487.79
5	2020.03.04 10:42	modify	2	12.78	1.11594	1.11604	1.12004	0.00	10487.79
6	2020.03.04 11:04	s/l	2	12.78	1.11604	1.11604	1.12004	127.80	10615.59
7	2020.04.06 09:15	sell	3	1.88	1.08149	1.08374	1.07587	0.00	10615.59
8	2020.04.06 15:45	modify	3	1.88	1.08149	1.08139	1.07587	0.00	10615.59
9	2020.04.06 18:24	s/l	3	1.88	1.08139	1.08139	1.07587	18.80	10634.39
10	2020.04.09 15:15	buy	4	1.09	1.08670	1.08475	1.09158	0.00	10634.39
11	2020.04.09 15:53	modify	4	1.09	1.08670	1.08680	1.09158	0.00	10634.39
12	2020.04.09 16:13	t/p	4	1.09	1.09158	1.08680	1.09158	531.92	11166.31
13	2020.04.13 09:30	buy	5	2.56	1.09488	1.09314	1.09923	0.00	11166.31
14	2020.04.13 11:20	s/l	5	2.56	1.09314	1.09314	1.09923	-445.44	10720.87
15	2020.04.13 15:00	buy	6	0.92	1.09303	1.09072	1.09881	0.00	10720.87
16	2020.04.13 16:29	s/l	6	0.92	1.09072	1.09072	1.09881	-212.52	10508.35
17	2020.04.20 08:45	sell	7	1.03	1.08528	1.08731	1.08021	0.00	10508.35
18	2020.04.20 11:46	s/l	7	1.03	1.08731	1.08731	1.08021	-209.09	10299.26
19	2020.04.28 10:30	buy	8	0.89	1.08307	1.08076	1.08885	0.00	10299.26
20	2020.04.28 12:20	modify	8	0.89	1.08307	1.08317	1.08885	0.00	10299.26
21	2020.04.28 17:59	s/l	8	0.89	1.08317	1.08317	1.08885	8.90	10308.16
22	2020.04.29 16:00	buy	9	10.41	1.08573	1.08375	1.09068	0.00	10308.16
23	2020.04.30 10:05	modify	9	10.41	1.08573	1.08583	1.09068	0.00	10308.16
24	2020.04.30 16:08	s/l	9	10.41	1.08583	1.08583	1.09068	-156.48	10151.68
25	2020.05.07 11:00	sell	10	0.52	1.07988	1.08182	1.07503	0.00	10151.68
26	2020.05.07 17:03	modify	10	0.52	1.07988	1.07978	1.07503	0.00	10151.68
27	2020.05.07 18:45	s/l	10	0.52	1.07978	1.07978	1.07503	5.20	10156.88
28	2020.05.12 10:45	sell	11	9.71	1.08086	1.08295	1.07564	0.00	10156.88
29	2020.05.12 13:25	s/l	11	9.71	1.08295	1.08295	1.07564	-2029.39	8127.49
30	2020.05.27 11:00	buy	12	1.06	1.09651	1.09499	1.10031	0.00	8127.49
31	2020.05.27 12:03	s/l	12	1.06	1.09499	1.09499	1.10031	-161.12	7966.37
32	2020.06.08 10:00	buy	13	1.04	1.12944	1.12791	1.13327	0.00	7966.37
33	2020.06.08 13:35	s/l	13	1.04	1.12791	1.12791	1.13327	-159.12	7807.25
34	2020.06.09 09:45	sell	14	0.68	1.12753	1.12980	1.12186	0.00	7807.25
35	2020.06.09 11:19	modify	14	0.68	1.12753	1.12743	1.12186	0.00	7807.25
36	2020.06.09 13:09	s/l	14	0.68	1.12743	1.12743	1.12186	6.80	7814.05
37	2020.06.24 14:00	buy	15	9.76	1.13069	1.12909	1.13469	0.00	7814.05
38	2020.06.24 14:43	s/l	15	9.76	1.12909	1.12909	1.13469	-1561.60	6252.45
39	2020.07.08 09:15	sell	16	0.69	1.12656	1.12836	1.12206	0.00	6252.45
40	2020.07.08 10:06	s/l	16	0.69	1.12836	1.12836	1.12206	-124.20	6128.25
41	2020.07.08 14:45	buy	17	0.80	1.12893	1.12740	1.13276	0.00	6128.25
42	2020.07.08 16:32	modify	17	0.80	1.12893	1.12903	1.13276	0.00	6128.25
43	2020.07.08 16:39	t/p	17	0.80	1.13276	1.12903	1.13276	306.40	6434.65
44	2020.07.14 11:45	buy	18	6.21	1.13492	1.13285	1.14010	0.00	6434.65
45	2020.07.14 14:36	modify	18	6.21	1.13492	1.13502	1.14010	0.00	6434.65
46	2020.07.14 17:29	t/p	18	6.21	1.14010	1.13502	1.14010	3216.78	9651.43
47	2020.07.16 15:00	buy	19	1.02	1.14133	1.13944	1.14606	0.00	9651.43
48	2020.07.16 17:40	modify	19	1.02	1.14133	1.14143	1.14606	0.00	9651.43
49	2020.07.16 19:39	s/l	19	1.02	1.14143	1.14143	1.14606	10.20	9661.63
50	2020.07.21 10:15	buy	20	1.58	1.14589	1.14345	1.15199	0.00	9661.63
51	2020.07.21 10:46	s/l	20	1.58	1.14345	1.14345	1.15199	-385.52	9276.11
52	2020.07.29 09:15	buy	21	1.11	1.17407	1.17240	1.17825	0.00	9276.11
53	2020.07.29 10:43	modify	21	1.11	1.17407	1.17417	1.17825	0.00	9276.11
54	2020.07.29 14:01	s/l	21	1.11	1.17417	1.17417	1.17825	11.10	9287.21
55	2020.08.17 14:45	buy	22	9.67	1.18510	1.18318	1.18990	0.00	9287.21
56	2020.08.17 16:51	modify	22	9.67	1.18510	1.18520	1.18990	0.00	9287.21
57	2020.08.18 09:33	t/p	22	9.67	1.18990	1.18520	1.18990	4560.91	13848.12
58	2020.08.27 10:45	buy	23	1.61	1.18316	1.18144	1.18746	0.00	13848.12
59	2020.08.27 13:34	s/l	23	1.61	1.18144	1.18144	1.18746	-276.92	13571.20
60	2020.09.02 09:30	sell	24	1.44	1.18965	1.19153	1.18495	0.00	13571.20
61	2020.09.02 10:32	modify	24	1.44	1.18965	1.18955	1.18495	0.00	13571.20
62	2020.09.02 14:31	t/p	24	1.44	1.18495	1.18955	1.18495	676.80	14248.00
63	2020.09.09 11:45	sell	25	13.37	1.17679	1.17892	1.17147	0.00	14248.00
64	2020.09.09 15:49	s/l	25	13.37	1.17892	1.17892	1.17147	-2847.81	11400.19
65	2020.09.10 11:30	buy	26	0.62	1.18319	1.18138	1.18772	0.00	11400.19
66	2020.09.10 15:31	modify	26	0.62	1.18319	1.18329	1.18772	0.00	11400.19
67	2020.09.10 15:31	t/p	26	0.62	1.18772	1.18329	1.18772	280.86	11681.05
68	2020.09.30 15:30	buy	27	12.36	1.17154	1.16965	1.17627	0.00	11681.05
69	2020.09.30 16:38	s/l	27	12.36	1.16965	1.16965	1.17627	-2336.04	9345.01
70	2020.10.12 10:45	buy	28	1.02	1.18219	1.18036	1.18677	0.00	9345.01
71	2020.10.12 12:24	s/l	28	1.02	1.18036	1.18036	1.18677	-186.66	9158.35
72	2020.10.13 16:15	sell	29	1.00	1.17823	1.18006	1.17366	0.00	9158.35
73	2020.10.13 16:39	modify	29	1.00	1.17823	1.17813	1.17366	0.00	9158.35
74	2020.10.13 18:47	t/p	29	1.00	1.17366	1.17813	1.17366	457.00	9615.35
75	2020.11.10 10:00	sell	30	9.15	1.18168	1.18378	1.17643	0.00	9615.35
76	2020.11.10 10:28	s/l	30	9.15	1.18378	1.18378	1.17643	-1921.50	7693.85
77	2020.11.11 09:45	sell	31	0.98	1.18144	1.18301	1.17752	0.00	7693.85
78	2020.11.11 10:20	modify	31	0.98	1.18144	1.18134	1.17752	0.00	7693.85
79	2020.11.11 12:55	t/p	31	0.98	1.17752	1.18134	1.17752	384.16	8078.01
80	2020.11.12 16:00	buy	32	3.81	1.18095	1.17883	1.18625	0.00	8078.01
81	2020.11.12 16:29	s/l	32	3.81	1.17883	1.17883	1.18625	-807.72	7270.29
82	2020.11.19 10:30	sell	33	0.41	1.18360	1.18534	1.17925	0.00	7270.29
83	2020.11.19 20:55	s/l	33	0.41	1.18534	1.18534	1.17925	-71.34	7198.95
84	2020.11.25 15:00	buy	34	0.89	1.18959	1.18799	1.19359	0.00	7198.95
85	2020.11.25 17:39	modify	34	0.89	1.18959	1.18969	1.19359	0.00	7198.95
86	2020.11.26 08:23	t/p	34	0.89	1.19359	1.18969	1.19359	333.72	7532.67
87	2020.12.01 15:30	buy	35	7.49	1.19823	1.19622	1.20326	0.00	7532.67
88	2020.12.01 17:17	modify	35	7.49	1.19823	1.19833	1.20326	0.00	7532.67
89	2020.12.01 17:49	t/p	35	7.49	1.20326	1.19833	1.20326	3767.47	11300.14
90	2020.12.15 16:30	buy	36	2.36	1.21529	1.21338	1.22007	0.00	11300.14
91	2020.12.16 10:30	modify	36	2.36	1.21529	1.21539	1.22007	0.00	11300.14
92	2020.12.16 10:34	t/p	36	2.36	1.22007	1.21539	1.22007	1108.39	12408.53
93	2020.12.22 10:00	sell	37	3.28	1.22167	1.22318	1.21790	0.00	12408.53
94	2020.12.22 12:52	s/l	37	3.28	1.22318	1.22318	1.21790	-495.28	11913.25
95	2020.12.23 10:15	sell	38	1.24	1.21838	1.22029	1.21361	0.00	11913.25
96	2020.12.23 16:30	s/l	38	1.24	1.22029	1.22029	1.21361	-236.84	11676.41
97	2020.12.28 15:15	buy	39	1.25	1.22187	1.22001	1.22652	0.00	11676.41
98	2020.12.29 09:12	modify	39	1.25	1.22187	1.22197	1.22652	0.00	11676.41
99	2020.12.29 16:48	t/p	39	1.25	1.22652	1.22197	1.22652	570.82	12247.23
100	2020.12.31 11:00	buy	40	7.51	1.23012	1.22849	1.23420	0.00	12247.23
101	2020.12.31 11:15	s/l	40	7.51	1.22849	1.22849	1.23420	-1224.13	11023.10
102	2021.01.05 10:15	buy	41	1.32	1.22697	1.22531	1.23112	0.00	11023.10
103	2021.01.05 18:45	modify	41	1.32	1.22697	1.22707	1.23112	0.00	11023.10
104	2021.01.06 02:50	t/p	41	1.32	1.23112	1.22707	1.23112	536.79	11559.88
105	2021.01.21 11:30	buy	42	5.27	1.21412	1.21193	1.21960	0.00	11559.88
106	2021.01.22 02:14	modify	42	5.27	1.21412	1.21422	1.21960	0.00	11559.88
107	2021.01.25 12:00	s/l	42	5.27	1.21422	1.21422	1.21960	-35.25	11524.64
108	2021.01.28 15:15	sell	43	0.51	1.20907	1.21129	1.20352	0.00	11524.64
109	2021.01.28 15:50	s/l	43	0.51	1.21129	1.21129	1.20352	-113.22	11411.42
110	2021.02.02 11:45	sell	44	1.12	1.20683	1.20886	1.20176	0.00	11411.42
111	2021.02.02 12:16	modify	44	1.12	1.20683	1.20673	1.20176	0.00	11411.42
112	2021.02.02 19:01	t/p	44	1.12	1.20176	1.20673	1.20176	567.84	11979.26
113	2021.02.08 09:45	buy	45	15.06	1.20459	1.20300	1.20857	0.00	11979.26
114	2021.02.08 10:29	s/l	45	15.06	1.20300	1.20300	1.20857	-2394.54	9584.72
115	2021.02.08 15:45	buy	46	1.03	1.20367	1.20182	1.20830	0.00	9584.72
116	2021.02.08 17:05	modify	46	1.03	1.20367	1.20377	1.20830	0.00	9584.72
117	2021.02.08 18:21	s/l	46	1.03	1.20377	1.20377	1.20830	10.30	9595.02
118	2021.02.22 10:15	buy	47	11.63	1.21199	1.21034	1.21612	0.00	9595.02
119	2021.02.22 10:27	s/l	47	11.63	1.21034	1.21034	1.21612	-1918.95	7676.07
120	2021.04.15 16:30	buy	48	0.43	1.19716	1.19541	1.20154	0.00	7676.07
121	2021.04.16 04:04	s/l	48	0.43	1.19541	1.19541	1.20154	-78.84	7597.23
122	2021.04.21 16:15	sell	49	0.99	1.20019	1.20171	1.19639	0.00	7597.23
123	2021.04.21 17:26	s/l	49	0.99	1.20171	1.20171	1.19639	-150.48	7446.75
124	2021.05.13 11:30	sell	50	0.40	1.20814	1.20997	1.20357	0.00	7446.75
125	2021.05.13 11:50	modify	50	0.40	1.20814	1.20804	1.20357	0.00	7446.75
126	2021.05.13 14:23	s/l	50	0.40	1.20804	1.20804	1.20357	4.00	7450.75
127	2021.05.27 09:30	sell	51	4.23	1.21872	1.22048	1.21432	0.00	7450.75
128	2021.05.27 10:17	s/l	51	4.23	1.22048	1.22048	1.21432	-744.48	6706.27
129	2021.05.27 16:00	sell	52	0.37	1.21861	1.22041	1.21411	0.00	6706.27
130	2021.05.27 17:17	s/l	52	0.37	1.22041	1.22041	1.21411	-66.60	6639.67
131	2021.05.31 15:00	buy	53	0.86	1.21993	1.21839	1.22378	0.00	6639.67
132	2021.05.31 17:55	modify	53	0.86	1.21993	1.22003	1.22378	0.00	6639.67
133	2021.06.01 10:30	t/p	53	0.86	1.22378	1.22003	1.22378	323.92	6963.59
134	2021.06.23 10:45	buy	54	5.63	1.19343	1.19096	1.19961	0.00	6963.59
135	2021.06.25 16:56	modify	54	5.63	1.19343	1.19353	1.19961	0.00	6963.59
136	2021.06.25 19:29	s/l	54	5.63	1.19353	1.19353	1.19961	-131.61	6831.99
137	2021.07.05 09:45	buy	55	0.85	1.18658	1.18499	1.19056	0.00	6831.99
138	2021.07.06 09:04	modify	55	0.85	1.18658	1.18668	1.19056	0.00	6831.99
139	2021.07.06 11:07	s/l	55	0.85	1.18668	1.18668	1.19056	1.41	6833.40
140	2021.07.07 16:00	sell	56	6.12	1.18159	1.18382	1.17602	0.00	6833.40
141	2021.07.07 17:32	modify	56	6.12	1.18159	1.18149	1.17602	0.00	6833.40
142	2021.07.07 21:02	s/l	56	6.12	1.18149	1.18149	1.17602	61.20	6894.60
143	2021.07.20 15:15	sell	57	1.38	1.17749	1.17948	1.17252	0.00	6894.60
144	2021.07.21 17:40	s/l	57	1.38	1.17948	1.17948	1.17252	-271.12	6623.48
145	2021.08.05 15:30	sell	58	0.38	1.18418	1.18592	1.17983	0.00	6623.48
146	2021.08.06 11:23	modify	58	0.38	1.18418	1.18408	1.17983	0.00	6623.48
147	2021.08.06 15:30	t/p	58	0.38	1.17983	1.18408	1.17983	166.26	6789.74
148	2021.08.25 16:15	buy	59	7.03	1.17433	1.17240	1.17916	0.00	6789.74
149	2021.08.25 21:13	modify	59	7.03	1.17433	1.17443	1.17916	0.00	6789.74
150	2021.08.27 03:35	s/l	59	7.03	1.17443	1.17443	1.17916	-164.33	6625.41
151	2021.09.01 15:30	buy	60	0.87	1.18263	1.18112	1.18641	0.00	6625.41
152	2021.09.01 17:45	modify	60	0.87	1.18263	1.18273	1.18641	0.00	6625.41
153	2021.09.02 17:38	t/p	60	0.87	1.18641	1.18273	1.18641	307.08	6932.49
154	2021.09.23 15:45	buy	61	3.76	1.17305	1.17121	1.17765	0.00	6932.49
155	2021.09.24 15:32	s/l	61	3.76	1.17121	1.17121	1.17765	-723.21	6209.27
156	2021.09.27 14:30	sell	62	0.80	1.16971	1.17125	1.16586	0.00	6209.27
157	2021.09.28 10:10	modify	62	0.80	1.16971	1.16961	1.16586	0.00	6209.27
158	2021.09.28 17:15	s/l	62	0.80	1.16961	1.16961	1.16586	10.03	6219.30
159	2021.10.05 16:15	sell	63	7.40	1.15887	1.16055	1.15467	0.00	6219.30
160	2021.10.05 18:13	s/l	63	7.40	1.16055	1.16055	1.15467	-1243.20	4976.10
161	2021.10.25 10:45	buy	64	0.41	1.16630	1.16392	1.17225	0.00	4976.10
162	2021.10.25 12:18	s/l	64	0.41	1.16392	1.16392	1.17225	-97.58	4878.52
163	2021.11.04 16:00	sell	65	0.24	1.15534	1.15731	1.15042	0.00	4878.52
164	2021.11.05 14:30	modify	65	0.24	1.15534	1.15524	1.15042	0.00	4878.52
165	2021.11.05 17:39	s/l	65	0.24	1.15524	1.15524	1.15042	3.01	4881.53
166	2021.11.08 10:45	buy	66	4.69	1.15691	1.15483	1.16211	0.00	4881.53
167	2021.11.09 07:05	modify	66	4.69	1.15691	1.15701	1.16211	0.00	4881.53
168	2021.11.09 15:01	s/l	66	4.69	1.15701	1.15701	1.16211	7.77	4889.30
169	2021.11.15 15:00	sell	67	1.24	1.14409	1.14566	1.14017	0.00	4889.30
170	2021.11.15 18:02	modify	67	1.24	1.14409	1.14399	1.14017	0.00	4889.30
171	2021.11.15 19:24	t/p	67	1.24	1.14017	1.14399	1.14017	486.08	5375.38
172	2021.11.18 16:30	buy	68	0.65	1.13411	1.13247	1.13821	0.00	5375.38
173	2021.11.18 19:04	modify	68	0.65	1.13411	1.13421	1.13821	0.00	5375.38
174	2021.11.19 10:01	s/l	68	0.65	1.13421	1.13421	1.13821	1.08	5376.45
175	2021.12.01 15:30	buy	69	1.09	1.13284	1.13087	1.13777	0.00	5376.45
176	2021.12.02 09:56	s/l	69	1.09	1.13087	1.13087	1.13777	-242.01	5134.44
177	2021.12.02 10:45	buy	70	0.31	1.13242	1.13080	1.13647	0.00	5134.44
178	2021.12.02 18:20	s/l	70	0.31	1.13080	1.13080	1.13647	-50.22	5084.22
179	2021.12.27 14:15	sell	71	0.63	1.13070	1.13231	1.12668	0.00	5084.22
180	2021.12.27 16:38	s/l	71	0.63	1.13231	1.13231	1.12668	-101.43	4982.79
181	2022.01.03 15:30	buy	72	0.58	1.13631	1.13461	1.14056	0.00	4982.79
182	2022.01.03 15:51	s/l	72	0.58	1.13461	1.13461	1.14056	-98.60	4884.19
183	2022.01.05 15:15	buy	73	0.63	1.13182	1.13029	1.13565	0.00	4884.19
184	2022.01.05 17:01	modify	73	0.63	1.13182	1.13192	1.13565	0.00	4884.19
185	2022.01.05 21:09	s/l	73	0.63	1.13192	1.13192	1.13565	6.30	4890.49
186	2022.01.06 16:45	buy	74	2.29	1.13256	1.13043	1.13789	0.00	4890.49
187	2022.01.06 17:26	s/l	74	2.29	1.13043	1.13043	1.13789	-487.77	4402.72
188	2022.01.20 16:30	sell	75	0.26	1.13429	1.13596	1.13012	0.00	4402.72
189	2022.01.20 20:37	modify	75	0.26	1.13429	1.13419	1.13012	0.00	4402.72
190	2022.01.21 03:03	t/p	75	0.26	1.13012	1.13419	1.13012	109.08	4511.80
191	2022.02.08 15:15	sell	76	4.90	1.14073	1.14257	1.13613	0.00	4511.80
192	2022.02.09 04:02	s/l	76	4.90	1.14257	1.14257	1.13613	-889.17	3622.63
193	2022.02.09 15:45	buy	77	0.42	1.14450	1.14278	1.14880	0.00	3622.63
194	2022.02.09 16:24	s/l	77	0.42	1.14278	1.14278	1.14880	-72.24	3550.39
195	2022.02.16 16:45	buy	78	0.37	1.13702	1.13512	1.14177	0.00	3550.39
196	2022.02.17 05:55	s/l	78	0.37	1.13512	1.13512	1.14177	-79.56	3470.82
197	2022.02.17 08:45	sell	79	0.16	1.13546	1.13760	1.13011	0.00	3470.82
198	2022.02.17 10:00	s/l	79	0.16	1.13760	1.13760	1.13011	-34.24	3436.58
199	2022.03.09 10:15	buy	80	0.33	1.09293	1.09089	1.09803	0.00	3436.58
200	2022.03.09 11:27	modify	80	0.33	1.09293	1.09303	1.09803	0.00	3436.58
201	2022.03.09 12:06	t/p	80	0.33	1.09803	1.09303	1.09803	168.30	3604.88
202	2022.03.29 09:45	buy	81	3.30	1.10025	1.09807	1.10570	0.00	3604.88
203	2022.03.29 11:53	s/l	81	3.30	1.09807	1.09807	1.10570	-719.40	2885.48
204	2022.04.07 10:15	sell	82	0.16	1.09124	1.09298	1.08689	0.00	2885.48
205	2022.04.07 11:11	modify	82	0.16	1.09124	1.09114	1.08689	0.00	2885.48
206	2022.04.07 12:20	t/p	82	0.16	1.08689	1.09114	1.08689	69.60	2955.08
207	2022.04.11 09:30	sell	83	3.60	1.08789	1.08953	1.08379	0.00	2955.08
208	2022.04.11 10:26	s/l	83	3.60	1.08953	1.08953	1.08379	-590.40	2364.68
209	2022.04.13 09:30	sell	84	0.24	1.08275	1.08469	1.07790	0.00	2364.68
210	2022.04.13 14:32	s/l	84	0.24	1.08469	1.08469	1.07790	-46.56	2318.12
211	2022.04.13 15:00	sell	85	0.25	1.08313	1.08497	1.07853	0.00	2318.12
212	2022.04.13 18:02	s/l	85	0.25	1.08497	1.08497	1.07853	-46.00	2272.12
213	2022.04.19 16:15	sell	86	0.29	1.07876	1.08028	1.07496	0.00	2272.12
214	2022.04.19 16:43	s/l	86	0.29	1.08028	1.08028	1.07496	-44.08	2228.04
215	2022.04.20 11:30	buy	87	0.28	1.08193	1.08037	1.08583	0.00	2228.04
216	2022.04.20 12:09	modify	87	0.28	1.08193	1.08203	1.08583	0.00	2228.04
217	2022.04.20 12:38	t/p	87	0.28	1.08583	1.08203	1.08583	109.20	2337.24
218	2022.04.21 08:15	buy	88	1.31	1.08450	1.08272	1.08895	0.00	2337.24
219	2022.04.21 09:30	modify	88	1.31	1.08450	1.08460	1.08895	0.00	2337.24
220	2022.04.21 09:41	t/p	88	1.31	1.08895	1.08460	1.08895	582.95	2920.19
221	2022.05.03 08:00	sell	89	0.47	1.05017	1.05263	1.04402	0.00	2920.19
222	2022.05.03 10:36	s/l	89	0.47	1.05263	1.05263	1.04402	-115.62	2804.57
223	2022.05.04 15:30	buy	90	0.28	1.05412	1.05213	1.05910	0.00	2804.57
224	2022.05.04 21:01	modify	90	0.28	1.05412	1.05422	1.05910	0.00	2804.57
225	2022.05.04 21:10	s/l	90	0.28	1.05422	1.05422	1.05910	2.80	2807.37
226	2022.05.18 15:15	buy	91	2.90	1.05222	1.05029	1.05705	0.00	2807.37
227	2022.05.18 17:31	s/l	91	2.90	1.05029	1.05029	1.05705	-559.70	2247.67
228	2022.05.26 10:45	buy	92	0.11	1.06934	1.06734	1.07434	0.00	2247.67
229	2022.05.26 18:13	modify	92	0.11	1.06934	1.06944	1.07434	0.00	2247.67
230	2022.05.27 04:33	t/p	92	0.11	1.07434	1.06944	1.07434	54.08	2301.76
231	2022.06.01 16:45	sell	93	2.32	1.07130	1.07328	1.06635	0.00	2301.76
232	2022.06.01 17:04	modify	93	2.32	1.07130	1.07120	1.06635	0.00	2301.76
233	2022.06.01 17:18	t/p	93	2.32	1.06635	1.07120	1.06635	1148.40	3450.16
234	2022.06.08 11:45	sell	94	0.68	1.06769	1.06970	1.06267	0.00	3450.16
235	2022.06.08 12:30	s/l	94	0.68	1.06970	1.06970	1.06267	-136.68	3313.48
236	2022.06.21 09:45	buy	95	0.43	1.05279	1.05126	1.05662	0.00	3313.48
237	2022.06.21 10:16	modify	95	0.43	1.05279	1.05289	1.05662	0.00	3313.48
238	2022.06.21 11:19	t/p	95	0.43	1.05662	1.05289	1.05662	164.69	3478.17
239	2022.06.22 16:00	buy	96	3.86	1.05310	1.05130	1.05760	0.00	3478.17
240	2022.06.22 16:41	modify	96	3.86	1.05310	1.05320	1.05760	0.00	3478.17
241	2022.06.22 17:37	t/p	96	3.86	1.05760	1.05320	1.05760	1737.00	5215.17
242	2022.06.27 10:00	buy	97	1.28	1.05686	1.05524	1.06091	0.00	5215.17
243	2022.06.27 17:48	modify	97	1.28	1.05686	1.05696	1.06091	0.00	5215.17
244	2022.06.27 18:15	t/p	97	1.28	1.06091	1.05696	1.06091	518.40	5733.57
245	2022.06.28 11:30	buy	98	1.48	1.05880	1.05726	1.06265	0.00	5733.57
246	2022.06.28 14:52	s/l	98	1.48	1.05726	1.05726	1.06265	-227.92	5505.65
247	2022.07.13 10:00	sell	99	0.71	1.00335	1.00488	0.99953	0.00	5505.65
248	2022.07.13 10:00	s/l	99	0.71	1.00488	1.00488	0.99953	-108.63	5397.02
249	2022.07.19 08:15	buy	100	0.56	1.01413	1.01223	1.01888	0.00	5397.02
250	2022.07.19 10:00	modify	100	0.56	1.01413	1.01423	1.01888	0.00	5397.02
251	2022.07.19 10:29	t/p	100	0.56	1.01888	1.01423	1.01888	266.00	5663.02
252	2022.08.01 09:45	buy	101	7.30	1.02270	1.02115	1.02658	0.00	5663.02
253	2022.08.01 11:33	modify	101	7.30	1.02270	1.02280	1.02658	0.00	5663.02
254	2022.08.01 11:41	t/p	101	7.30	1.02658	1.02280	1.02658	2832.40	8495.42
255	2022.08.03 16:15	sell	102	1.72	1.01762	1.01959	1.01270	0.00	8495.42
256	2022.08.03 17:01	modify	102	1.72	1.01762	1.01752	1.01270	0.00	8495.42
257	2022.08.03 17:35	t/p	102	1.72	1.01270	1.01752	1.01270	846.24	9341.66
258	2022.08.08 14:15	buy	103	1.77	1.01999	1.01788	1.02527	0.00	9341.66
259	2022.08.09 11:30	modify	103	1.77	1.01999	1.02009	1.02527	0.00	9341.66
260	2022.08.10 14:53	t/p	103	1.77	1.02527	1.02009	1.02527	905.02	10246.68
261	2022.08.11 09:15	buy	104	1.31	1.02897	1.02741	1.03287	0.00	10246.68
262	2022.08.11 09:58	modify	104	1.31	1.02897	1.02907	1.03287	0.00	10246.68
263	2022.08.11 10:33	t/p	104	1.31	1.03287	1.02907	1.03287	510.90	10757.58
264	2022.08.17 09:15	sell	105	2.79	1.01733	1.01887	1.01348	0.00	10757.58
265	2022.08.17 10:20	modify	105	2.79	1.01733	1.01723	1.01348	0.00	10757.58
266	2022.08.17 11:27	s/l	105	2.79	1.01723	1.01723	1.01348	27.90	10785.48
267	2022.08.17 14:30	sell	106	2.18	1.01597	1.01794	1.01105	0.00	10785.48
268	2022.08.17 17:04	s/l	106	2.18	1.01794	1.01794	1.01105	-429.46	10356.02
269	2022.08.18 09:00	sell	107	0.63	1.01644	1.01806	1.01239	0.00	10356.02
270	2022.08.18 13:09	s/l	107	0.63	1.01806	1.01806	1.01239	-102.06	10253.96
271	2022.08.18 15:45	sell	108	0.43	1.01654	1.01889	1.01067	0.00	10253.96
272	2022.08.18 16:45	modify	108	0.43	1.01654	1.01644	1.01067	0.00	10253.96
273	2022.08.18 19:17	t/p	108	0.43	1.01067	1.01644	1.01067	252.41	10506.37
274	2022.08.24 09:00	sell	109	11.35	0.99430	0.99615	0.98968	0.00	10506.37
275	2022.08.24 15:45	modify	109	11.35	0.99430	0.99420	0.98968	0.00	10506.37
276	2022.08.24 17:46	s/l	109	11.35	0.99420	0.99420	0.98968	113.50	10619.87
277	2022.10.17 10:15	buy	110	2.35	0.97468	0.97288	0.97918	0.00	10619.87
278	2022.10.17 11:32	s/l	110	2.35	0.97288	0.97288	0.97918	-423.00	10196.87
279	2022.10.25 11:15	buy	111	0.91	0.98730	0.98507	0.99288	0.00	10196.87
280	2022.10.25 14:05	s/l	111	0.91	0.98507	0.98507	0.99288	-202.93	9993.94
281	2022.10.25 16:00	buy	112	0.97	0.98748	0.98542	0.99263	0.00	9993.94
282	2022.10.25 16:16	modify	112	0.97	0.98748	0.98758	0.99263	0.00	9993.94
283	2022.10.25 16:24	t/p	112	0.97	0.99263	0.98758	0.99263	499.55	10493.49
284	2022.11.01 11:15	sell	113	9.28	0.99183	0.99409	0.98618	0.00	10493.49
285	2022.11.01 12:26	s/l	113	9.28	0.99409	0.99409	0.98618	-2097.28	8396.21
286	2022.11.17 09:45	buy	114	0.44	1.03868	1.03681	1.04336	0.00	8396.21
287	2022.11.17 11:34	s/l	114	0.44	1.03681	1.03681	1.04336	-82.28	8313.93
288	2022.12.06 10:30	sell	115	0.74	1.04892	1.05116	1.04332	0.00	8313.93
289	2022.12.06 13:20	s/l	115	0.74	1.05116	1.05116	1.04332	-165.76	8148.17
290	2022.12.08 11:00	buy	116	0.49	1.05268	1.05104	1.05678	0.00	8148.17
291	2022.12.08 11:20	s/l	116	0.49	1.05104	1.05104	1.05678	-80.36	8067.81
292	2022.12.13 08:00	buy	117	0.91	1.05518	1.05342	1.05958	0.00	8067.81
293	2022.12.13 10:49	s/l	117	0.91	1.05342	1.05342	1.05958	-160.16	7907.65
294	2022.12.15 08:30	buy	118	0.51	1.06600	1.06447	1.06983	0.00	7907.65
295	2022.12.15 09:44	s/l	118	0.51	1.06447	1.06447	1.06983	-78.03	7829.62
296	2022.12.21 11:00	buy	119	0.78	1.06346	1.06147	1.06844	0.00	7829.62
297	2022.12.21 11:37	s/l	119	0.78	1.06147	1.06147	1.06844	-155.22	7674.40
298	2022.12.21 14:30	buy	120	0.89	1.06196	1.06025	1.06624	0.00	7674.40
299	2022.12.21 16:44	s/l	120	0.89	1.06025	1.06025	1.06624	-152.19	7522.21
300	2022.12.22 11:45	buy	121	0.50	1.06419	1.06269	1.06794	0.00	7522.21
301	2022.12.22 13:00	s/l	121	0.50	1.06269	1.06269	1.06794	-75.00	7447.21
302	2022.12.22 15:00	buy	122	0.33	1.06371	1.06147	1.06931	0.00	7447.21
303	2022.12.22 15:34	s/l	122	0.33	1.06147	1.06147	1.06931	-73.92	7373.29
304	2022.12.26 15:15	buy	123	0.92	1.06300	1.06141	1.06698	0.00	7373.29
305	2022.12.27 04:01	modify	123	0.92	1.06300	1.06310	1.06698	0.00	7373.29
306	2022.12.27 15:00	s/l	123	0.92	1.06310	1.06310	1.06698	1.52	7374.81
307	2022.12.28 16:30	buy	124	6.58	1.06541	1.06317	1.07101	0.00	7374.81
308	2022.12.28 17:36	s/l	124	6.58	1.06317	1.06317	1.07101	-1473.92	5900.89
309	2023.01.04 15:30	buy	125	0.56	1.06138	1.05929	1.06661	0.00	5900.89
310	2023.01.04 17:04	s/l	125	0.56	1.05929	1.05929	1.06661	-117.04	5783.85
311	2023.01.05 08:15	buy	126	0.29	1.06197	1.06001	1.06687	0.00	5783.85
312	2023.01.05 09:44	s/l	126	0.29	1.06001	1.06001	1.06687	-56.84	5727.01
313	2023.01.05 11:45	buy	127	0.31	1.06257	1.06076	1.06710	0.00	5727.01
314	2023.01.05 13:24	s/l	127	0.31	1.06076	1.06076	1.06710	-56.11	5670.90
315	2023.01.11 11:30	buy	128	0.48	1.07468	1.07235	1.08051	0.00	5670.90
316	2023.01.12 15:28	modify	128	0.48	1.07468	1.07478	1.08051	0.00	5670.90
317	2023.01.12 15:28	t/p	128	0.48	1.08051	1.07478	1.08051	267.82	5938.73
318	2023.01.17 09:45	buy	129	7.42	1.08260	1.08100	1.08660	0.00	5938.73
319	2023.01.17 12:28	s/l	129	7.42	1.08100	1.08100	1.08660	-1187.20	4751.53
320	2023.01.24 15:00	sell	130	0.51	1.08598	1.08784	1.08133	0.00	4751.53
321	2023.01.24 15:26	s/l	130	0.51	1.08784	1.08784	1.08133	-94.86	4656.67
322	2023.01.30 09:30	sell	131	0.61	1.08567	1.08718	1.08190	0.00	4656.67
323	2023.01.30 10:00	s/l	131	0.61	1.08718	1.08718	1.08190	-92.11	4564.56
324	2023.02.08 15:00	sell	132	0.52	1.07338	1.07513	1.06901	0.00	4564.56
325	2023.02.09 10:23	s/l	132	0.52	1.07513	1.07513	1.06901	-87.04	4477.51
326	2023.02.15 14:00	sell	133	0.58	1.07111	1.07263	1.06731	0.00	4477.51
327	2023.02.15 15:30	modify	133	0.58	1.07111	1.07101	1.06731	0.00	4477.51
328	2023.02.15 16:23	t/p	133	0.58	1.06731	1.07101	1.06731	220.40	4697.91
329	2023.02.16 10:30	buy	134	2.51	1.07194	1.07007	1.07662	0.00	4697.91
330	2023.02.16 10:54	s/l	134	2.51	1.07007	1.07007	1.07662	-469.37	4228.54
331	2023.02.20 15:45	buy	135	0.49	1.06855	1.06684	1.07283	0.00	4228.54
332	2023.02.21 03:13	s/l	135	0.49	1.06684	1.06684	1.07283	-87.88	4140.66
333	2023.02.21 16:00	sell	136	0.44	1.06529	1.06716	1.06062	0.00	4140.66
334	2023.02.21 16:35	s/l	136	0.44	1.06716	1.06716	1.06062	-82.28	4058.38
335	2023.02.23 09:30	sell	137	0.23	1.06124	1.06296	1.05694	0.00	4058.38
336	2023.02.23 13:22	modify	137	0.23	1.06124	1.06114	1.05694	0.00	4058.38
337	2023.02.23 14:29	s/l	137	0.23	1.06114	1.06114	1.05694	2.30	4060.68
338	2023.03.09 16:00	buy	138	1.70	1.05744	1.05506	1.06339	0.00	4060.68
339	2023.03.10 15:30	modify	138	1.70	1.05744	1.05754	1.06339	0.00	4060.68
340	2023.03.10 15:42	t/p	138	1.70	1.06339	1.05754	1.06339	997.32	5058.00
341	2023.03.14 11:45	buy	139	1.15	1.07069	1.06894	1.07507	0.00	5058.00
342	2023.03.14 14:30	modify	139	1.15	1.07069	1.07079	1.07507	0.00	5058.00
343	2023.03.14 14:35	s/l	139	1.15	1.07079	1.07079	1.07507	11.50	5069.50
344	2023.03.16 11:30	sell	140	0.49	1.06092	1.06296	1.05582	0.00	5069.50
345	2023.03.16 14:43	modify	140	0.49	1.06092	1.06082	1.05582	0.00	5069.50
346	2023.03.16 15:15	s/l	140	0.49	1.06082	1.06082	1.05582	4.90	5074.40
347	2023.03.27 10:30	sell	141	0.91	1.07620	1.07842	1.07065	0.00	5074.40
348	2023.03.27 16:24	s/l	141	0.91	1.07842	1.07842	1.07065	-202.02	4872.38
349	2023.03.29 16:00	buy	142	0.57	1.08539	1.08370	1.08962	0.00	4872.38
350	2023.03.29 16:23	s/l	142	0.57	1.08370	1.08370	1.08962	-96.33	4776.05
351	2023.04.04 09:30	buy	143	0.50	1.08998	1.08810	1.09468	0.00	4776.05
352	2023.04.04 10:52	modify	143	0.50	1.08998	1.09008	1.09468	0.00	4776.05
353	2023.04.04 14:59	s/l	143	0.50	1.09008	1.09008	1.09468	5.00	4781.05
354	2023.04.05 15:30	buy	144	5.76	1.09522	1.09356	1.09937	0.00	4781.05
355	2023.04.05 17:10	s/l	144	5.76	1.09356	1.09356	1.09937	-956.16	3824.89
356	2023.04.10 14:30	sell	145	0.42	1.08936	1.09114	1.08491	0.00	3824.89
357	2023.04.10 15:09	modify	145	0.42	1.08936	1.08926	1.08491	0.00	3824.89
358	2023.04.10 15:59	t/p	145	0.42	1.08491	1.08926	1.08491	186.90	4011.79
359	2023.04.11 10:15	buy	146	4.89	1.08954	1.08790	1.09364	0.00	4011.79
360	2023.04.11 12:32	modify	146	4.89	1.08954	1.08964	1.09364	0.00	4011.79
361	2023.04.11 20:12	s/l	146	4.89	1.08964	1.08964	1.09364	48.90	4060.69
362	2023.04.19 10:45	sell	147	0.99	1.09581	1.09745	1.09171	0.00	4060.69
363	2023.04.19 12:32	modify	147	0.99	1.09581	1.09571	1.09171	0.00	4060.69
364	2023.04.19 16:07	s/l	147	0.99	1.09571	1.09571	1.09171	9.90	4070.59
365	2023.05.02 11:00	sell	148	0.71	1.09858	1.10086	1.09288	0.00	4070.59
366	2023.05.02 12:58	modify	148	0.71	1.09858	1.09848	1.09288	0.00	4070.59
367	2023.05.02 17:35	s/l	148	0.71	1.09848	1.09848	1.09288	7.10	4077.69
368	2023.05.10 11:00	sell	149	0.81	1.09646	1.09845	1.09149	0.00	4077.69
369	2023.05.10 15:31	s/l	149	0.81	1.09845	1.09845	1.09149	-161.19	3916.50
370	2023.05.16 16:45	buy	150	0.48	1.08878	1.08717	1.09281	0.00	3916.50
371	2023.05.16 17:04	s/l	150	0.48	1.08717	1.08717	1.09281	-77.28	3839.22
372	2023.05.22 09:30	buy	151	0.48	1.08212	1.08053	1.08610	0.00	3839.22
373	2023.05.22 10:13	s/l	151	0.48	1.08053	1.08053	1.08610	-76.32	3762.90
374	2023.05.24 16:45	sell	152	0.39	1.07770	1.07961	1.07293	0.00	3762.90
375	2023.05.25 00:03	modify	152	0.39	1.07770	1.07760	1.07293	0.00	3762.90
376	2023.05.25 09:08	t/p	152	0.39	1.07293	1.07760	1.07293	189.00	3951.90
377	2023.06.01 10:30	sell	153	2.42	1.06724	1.06887	1.06317	0.00	3951.90
378	2023.06.01 12:03	s/l	153	2.42	1.06887	1.06887	1.06317	-394.46	3557.44
379	2023.06.15 11:00	buy	154	0.17	1.08272	1.08065	1.08790	0.00	3557.44
380	2023.06.15 15:30	modify	154	0.17	1.08272	1.08282	1.08790	0.00	3557.44
381	2023.06.15 15:41	t/p	154	0.17	1.08790	1.08282	1.08790	88.06	3645.50
382	2023.06.21 16:00	buy	155	3.83	1.09252	1.09062	1.09727	0.00	3645.50
383	2023.06.21 17:35	modify	155	3.83	1.09252	1.09262	1.09727	0.00	3645.50
384	2023.06.21 19:51	t/p	155	3.83	1.09727	1.09262	1.09727	1819.25	5464.75
385	2023.07.06 16:30	buy	156	0.46	1.08860	1.08626	1.09445	0.00	5464.75
386	2023.07.06 17:06	s/l	156	0.46	1.08626	1.08626	1.09445	-107.64	5357.11
387	2023.07.19 09:15	sell	157	0.54	1.12182	1.12377	1.11695	0.00	5357.11
388	2023.07.19 12:18	s/l	157	0.54	1.12377	1.12377	1.11695	-105.30	5251.81
389	2023.07.20 10:45	sell	158	0.24	1.12018	1.12230	1.11488	0.00	5251.81
390	2023.07.20 17:09	modify	158	0.24	1.12018	1.12008	1.11488	0.00	5251.81
391	2023.07.20 17:30	t/p	158	0.24	1.11488	1.12008	1.11488	127.20	5379.01
392	2023.07.24 10:30	sell	159	4.32	1.11241	1.11490	1.10619	0.00	5379.01
393	2023.07.24 10:32	modify	159	4.32	1.11241	1.11231	1.10619	0.00	5379.01
394	2023.07.24 22:41	t/p	159	4.32	1.10619	1.11231	1.10619	2687.04	8066.05
395	2023.07.27 10:15	buy	160	0.79	1.11082	1.10878	1.11592	0.00	8066.05
396	2023.07.27 11:56	modify	160	0.79	1.11082	1.11092	1.11592	0.00	8066.05
397	2023.07.27 15:17	s/l	160	0.79	1.11092	1.11092	1.11592	7.90	8073.95
398	2023.08.02 09:15	sell	161	2.01	1.09833	1.09993	1.09433	0.00	8073.95
399	2023.08.02 15:40	modify	161	2.01	1.09833	1.09823	1.09433	0.00	8073.95
400	2023.08.02 17:09	t/p	161	2.01	1.09433	1.09823	1.09433	804.00	8877.95
401	2023.08.03 15:30	sell	162	0.77	1.09279	1.09508	1.08707	0.00	8877.95
402	2023.08.03 15:41	s/l	162	0.77	1.09508	1.09508	1.08707	-176.33	8701.62
403	2023.08.29 10:30	buy	163	0.98	1.08241	1.08064	1.08684	0.00	8701.62
404	2023.08.29 12:07	s/l	163	0.98	1.08064	1.08064	1.08684	-173.46	8528.16
405	2023.09.12 16:00	sell	164	1.07	1.07073	1.07231	1.06678	0.00	8528.16
406	2023.09.12 18:08	s/l	164	1.07	1.07231	1.07231	1.06678	-169.06	8359.10
407	2023.09.20 16:15	buy	165	0.87	1.07094	1.06902	1.07574	0.00	8359.10
408	2023.09.20 21:01	s/l	165	0.87	1.06902	1.06902	1.07574	-167.04	8192.06
409	2023.09.25 15:00	sell	166	1.08	1.06305	1.06456	1.05928	0.00	8192.06
410	2023.09.25 16:31	modify	166	1.08	1.06305	1.06295	1.05928	0.00	8192.06
411	2023.09.25 17:07	t/p	166	1.08	1.05928	1.06295	1.05928	407.16	8599.22
412	2023.10.10 11:15	buy	167	6.87	1.05824	1.05574	1.06449	0.00	8599.22
413	2023.10.10 19:03	modify	167	6.87	1.05824	1.05834	1.06449	0.00	8599.22
414	2023.10.11 15:30	s/l	167	6.87	1.05834	1.05834	1.06449	11.38	8610.59
415	2023.11.02 10:45	buy	168	0.98	1.06065	1.05891	1.06500	0.00	8610.59
416	2023.11.02 12:41	modify	168	0.98	1.06065	1.06075	1.06500	0.00	8610.59
417	2023.11.02 14:14	t/p	168	0.98	1.06500	1.06075	1.06500	426.30	9036.89
418	2023.11.21 16:15	buy	169	2.01	1.09548	1.09369	1.09996	0.00	9036.89
419	2023.11.21 17:53	s/l	169	2.01	1.09369	1.09369	1.09996	-359.79	8677.10
420	2023.11.22 10:30	sell	170	0.82	1.09005	1.09216	1.08478	0.00	8677.10
421	2023.11.22 17:00	modify	170	0.82	1.09005	1.08995	1.08478	0.00	8677.10
422	2023.11.23 04:12	s/l	170	0.82	1.08995	1.08995	1.08478	14.44	8691.54
423	2023.11.28 15:30	buy	171	10.40	1.09600	1.09433	1.10018	0.00	8691.54
424	2023.11.28 17:04	modify	171	10.40	1.09600	1.09610	1.10018	0.00	8691.54
425	2023.11.28 17:43	t/p	171	10.40	1.10018	1.09610	1.10018	4347.20	13038.74
426	2023.12.04 15:45	sell	172	3.19	1.08617	1.08780	1.08210	0.00	13038.74
427	2023.12.04 16:12	modify	172	3.19	1.08617	1.08607	1.08210	0.00	13038.74
428	2023.12.04 16:20	t/p	172	3.19	1.08210	1.08607	1.08210	1298.33	14337.07
429	2024.01.08 10:15	sell	173	3.13	1.09323	1.09506	1.08866	0.00	14337.07
430	2024.01.08 13:21	s/l	173	3.13	1.09506	1.09506	1.08866	-572.79	13764.28
431	2024.01.09 11:15	sell	174	1.78	1.09385	1.09539	1.09000	0.00	13764.28
432	2024.01.09 18:03	modify	174	1.78	1.09385	1.09375	1.09000	0.00	13764.28
433	2024.01.09 19:27	s/l	174	1.78	1.09375	1.09375	1.09000	17.80	13782.08
434	2024.01.15 15:15	sell	175	18.01	1.09459	1.09612	1.09077	0.00	13782.08
435	2024.01.16 02:55	modify	175	18.01	1.09459	1.09449	1.09077	0.00	13782.08
436	2024.01.16 10:32	t/p	175	18.01	1.09077	1.09449	1.09077	6925.49	20707.58
437	2024.01.18 11:30	buy	176	2.12	1.08942	1.08747	1.09430	0.00	20707.58
438	2024.01.18 14:58	s/l	176	2.12	1.08747	1.08747	1.09430	-413.40	20294.18
439	2024.01.24 11:15	buy	177	1.68	1.08847	1.08606	1.09450	0.00	20294.18
440	2024.01.24 15:50	modify	177	1.68	1.08847	1.08857	1.09450	0.00	20294.18
441	2024.01.24 21:19	s/l	177	1.68	1.08857	1.08857	1.09450	16.80	20310.98
442	2024.02.29 16:15	buy	178	10.41	1.08463	1.08268	1.08951	0.00	20310.98
443	2024.02.29 17:52	s/l	178	10.41	1.08268	1.08268	1.08951	-2029.95	18281.03
444	2024.04.17 16:15	buy	179	2.34	1.06450	1.06294	1.06840	0.00	18281.03
445	2024.04.17 20:58	modify	179	2.34	1.06450	1.06460	1.06840	0.00	18281.03
446	2024.04.18 09:04	t/p	179	2.34	1.06840	1.06460	1.06840	854.03	19135.05
447	2024.05.29 16:15	sell	180	20.24	1.08387	1.08576	1.07915	0.00	19135.05
448	2024.05.29 18:31	modify	180	20.24	1.08387	1.08377	1.07915	0.00	19135.05
449	2024.05.30 08:23	t/p	180	20.24	1.07915	1.08377	1.07915	9707.27	28842.32
450	2024.07.08 09:45	buy	181	7.21	1.08286	1.08126	1.08686	0.00	28842.32
451	2024.07.09 14:39	s/l	181	7.21	1.08126	1.08126	1.08686	-1213.76	27628.56
452	2024.07.25 16:30	sell	182	1.67	1.08402	1.08567	1.07990	0.00	27628.56
453	2024.07.25 17:50	s/l	182	1.67	1.08567	1.08567	1.07990	-275.55	27353.01
454	2024.07.31 15:30	buy	183	3.14	1.08404	1.08230	1.08839	0.00	27353.01
455	2024.07.31 17:47	s/l	183	3.14	1.08230	1.08230	1.08839	-546.36	26806.65
456	2024.08.01 16:15	sell	184	1.26	1.07890	1.08102	1.07360	0.00	26806.65
457	2024.08.01 17:00	s/l	184	1.26	1.08102	1.08102	1.07360	-267.12	26539.53
458	2024.08.22 11:15	buy	185	1.29	1.11458	1.11253	1.11971	0.00	26539.53
459	2024.08.22 16:45	s/l	185	1.29	1.11253	1.11253	1.11971	-264.45	26275.08
460	2024.08.28 11:30	sell	186	3.05	1.11438	1.11610	1.11008	0.00	26275.08
461	2024.08.28 14:57	modify	186	3.05	1.11438	1.11428	1.11008	0.00	26275.08
462	2024.08.29 11:04	t/p	186	3.05	1.11008	1.11428	1.11008	1334.70	27609.78
463	2024.09.24 15:15	buy	187	31.91	1.11373	1.11200	1.11806	0.00	27609.78
464	2024.09.24 17:28	modify	187	31.91	1.11373	1.11383	1.11806	0.00	27609.78
465	2024.09.24 23:56	t/p	187	31.91	1.11806	1.11383	1.11806	13817.03	41426.81
466	2024.09.26 16:15	sell	188	3.58	1.11409	1.11640	1.10832	0.00	41426.81
467	2024.09.26 17:43	s/l	188	3.58	1.11640	1.11640	1.10832	-826.98	40599.83
468	2024.10.24 16:15	buy	189	2.60	1.08021	1.07865	1.08411	0.00	40599.83
469	2024.10.24 21:50	modify	189	2.60	1.08021	1.08031	1.08411	0.00	40599.83
470	2024.10.25 19:50	s/l	189	2.60	1.08031	1.08031	1.08411	4.31	40604.14
471	2024.10.30 15:45	buy	190	37.77	1.08308	1.08093	1.08846	0.00	40604.14
472	2024.10.30 17:44	modify	190	37.77	1.08308	1.08318	1.08846	0.00	40604.14
473	2024.10.31 14:41	t/p	190	37.77	1.08846	1.08318	1.08846	19374.80	59978.94
474	2024.10.31 16:30	buy	191	5.45	1.08715	1.08495	1.09265	0.00	59978.94
475	2024.10.31 17:51	s/l	191	5.45	1.08495	1.08495	1.09265	-1199.00	58779.94
476	2024.11.13 16:30	sell	192	5.67	1.06206	1.06413	1.05689	0.00	58779.94
477	2024.11.13 16:52	modify	192	5.67	1.06206	1.06196	1.05689	0.00	58779.94
478	2024.11.13 17:06	t/p	192	5.67	1.05689	1.06196	1.05689	2931.39	61711.33
479	2024.11.18 15:30	buy	193	68.95	1.05572	1.05393	1.06020	0.00	61711.33
480	2024.11.18 18:58	modify	193	68.95	1.05572	1.05582	1.06020	0.00	61711.33
481	2024.11.18 21:06	t/p	193	68.95	1.06020	1.05582	1.06020	30889.60	92600.93
482	2024.11.21 16:15	sell	194	11.22	1.05245	1.05410	1.04833	0.00	92600.93
483	2024.11.21 17:08	s/l	194	11.22	1.05410	1.05410	1.04833	-1851.30	90749.63
484	2024.11.26 10:00	sell	195	11.70	1.04719	1.04874	1.04332	0.00	90749.63
485	2024.11.26 10:21	s/l	195	11.70	1.04874	1.04874	1.04332	-1813.50	88936.13
486	2024.11.28 16:45	buy	196	5.88	1.05445	1.05294	1.05823	0.00	88936.13
487	2024.11.29 02:36	modify	196	5.88	1.05445	1.05455	1.05823	0.00	88936.13
488	2024.11.29 09:00	t/p	196	5.88	1.05823	1.05455	1.05823	2173.58	91109.70
489	2024.12.02 09:15	sell	197	83.97	1.05174	1.05391	1.04632	0.00	91109.70
490	2024.12.02 16:42	modify	197	83.97	1.05174	1.05164	1.04632	0.00	91109.70
491	2024.12.02 17:02	t/p	197	83.97	1.04632	1.05164	1.04632	45511.74	136621.44
492	2024.12.03 16:00	buy	198	35.71	1.05244	1.05091	1.05627	0.00	136621.44
493	2024.12.03 17:00	s/l	198	35.71	1.05091	1.05091	1.05627	-5463.63	131157.81
494	2024.12.04 10:45	sell	199	13.95	1.04980	1.05168	1.04510	0.00	131157.81
495	2024.12.04 17:00	s/l	199	13.95	1.05168	1.05168	1.04510	-2622.60	128535.21
496	2024.12.05 11:45	buy	200	8.51	1.05342	1.05191	1.05720	0.00	128535.21
497	2024.12.05 15:30	modify	200	8.51	1.05342	1.05352	1.05720	0.00	128535.21
498	2024.12.05 16:00	t/p	200	8.51	1.05720	1.05352	1.05720	3216.78	131751.99
499	2025.01.02 11:45	sell	201	80.33	1.03557	1.03721	1.03147	0.00	131751.99
500	2025.01.02 12:48	modify	201	80.33	1.03557	1.03547	1.03147	0.00	131751.99
501	2025.01.02 12:49	t/p	201	80.33	1.03147	1.03547	1.03147	32935.30	164687.29
502	2025.01.14 16:30	buy	202	27.67	1.02652	1.02414	1.03247	0.00	164687.29
503	2025.01.14 18:16	modify	202	27.67	1.02652	1.02662	1.03247	0.00	164687.29
504	2025.01.15 15:30	t/p	202	27.67	1.03247	1.02662	1.03247	16232.77	180920.07
505	2025.01.27 09:45	buy	203	39.33	1.04703	1.04519	1.05163	0.00	180920.07
506	2025.01.27 12:05	modify	203	39.33	1.04703	1.04713	1.05163	0.00	180920.07
507	2025.01.27 13:13	t/p	203	39.33	1.05163	1.04713	1.05163	18091.80	199011.87
508	2025.01.30 11:15	sell	204	24.41	1.04097	1.04260	1.03690	0.00	199011.87
509	2025.01.30 15:53	s/l	204	24.41	1.04260	1.04260	1.03690	-3978.83	195033.04
510	2025.02.04 15:15	buy	205	25.32	1.03361	1.03207	1.03746	0.00	195033.04
511	2025.02.04 16:18	modify	205	25.32	1.03361	1.03371	1.03746	0.00	195033.04
512	2025.02.04 17:00	t/p	205	25.32	1.03746	1.03371	1.03746	9748.20	204781.24
513	2025.02.10 14:00	sell	206	200.00	1.03204	1.03360	1.02814	0.00	204781.24
514	2025.02.11 04:34	modify	206	200.00	1.03204	1.03194	1.02814	0.00	204781.24
515	2025.02.11 10:57	s/l	206	200.00	1.03194	1.03194	1.02814	2507.20	207288.44
516	2025.02.26 10:30	buy	207	42.08	1.05093	1.04896	1.05586	0.00	207288.44
517	2025.02.26 13:50	s/l	207	42.08	1.04896	1.04896	1.05586	-8289.76	198998.68
518	2025.03.12 16:45	buy	208	16.72	1.09028	1.08790	1.09623	0.00	198998.68
519	2025.03.13 08:07	s/l	208	16.72	1.08790	1.08790	1.09623	-4397.90	194600.78
520	2025.03.13 09:45	sell	209	7.81	1.08621	1.08870	1.07999	0.00	194600.78
521	2025.03.13 15:12	modify	209	7.81	1.08621	1.08611	1.07999	0.00	194600.78
522	2025.03.13 16:03	s/l	209	7.81	1.08611	1.08611	1.07999	78.10	194678.88
523	2025.03.17 15:00	buy	210	200.00	1.09018	1.08854	1.09428	0.00	194678.88
524	2025.03.17 17:25	modify	210	200.00	1.09018	1.09028	1.09428	0.00	194678.88
525	2025.03.18 10:11	t/p	210	200.00	1.09428	1.09028	1.09428	80331.20	275010.08
526	2025.03.19 15:00	sell	211	64.32	1.09014	1.09185	1.08587	0.00	275010.08
527	2025.03.19 17:58	modify	211	64.32	1.09014	1.09004	1.08587	0.00	275010.08
528	2025.03.19 20:36	s/l	211	64.32	1.09004	1.09004	1.08587	643.20	275653.28
529	2025.03.24 14:00	sell	212	58.03	1.08320	1.08510	1.07845	0.00	275653.28
530	2025.03.24 15:51	modify	212	58.03	1.08320	1.08310	1.07845	0.00	275653.28
531	2025.03.24 18:41	t/p	212	58.03	1.07845	1.08310	1.07845	27564.25	303217.53
532	2025.03.25 16:15	sell	213	53.90	1.08051	1.08276	1.07489	0.00	303217.53
533	2025.03.26 15:29	modify	213	53.90	1.08051	1.08041	1.07489	0.00	303217.53
534	2025.03.26 21:17	t/p	213	53.90	1.07489	1.08041	1.07489	30428.49	333646.02
535	2025.03.27 15:45	buy	214	31.32	1.07959	1.07746	1.08492	0.00	333646.02
536	2025.03.28 11:03	s/l	214	31.32	1.07746	1.07746	1.08492	-6932.49	326713.53
537	2025.03.31 14:15	buy	215	36.30	1.08255	1.08075	1.08705	0.00	326713.53
538	2025.03.31 15:42	s/l	215	36.30	1.08075	1.08075	1.08705	-6534.00	320179.53
539	2025.04.17 10:45	buy	216	16.67	1.13697	1.13505	1.14177	0.00	320179.53
540	2025.04.17 15:16	s/l	216	16.67	1.13505	1.13505	1.14177	-3200.64	316978.89
541	2025.04.29 10:45	buy	217	31.07	1.14052	1.13848	1.14562	0.00	316978.89
542	2025.04.29 11:13	s/l	217	31.07	1.13848	1.13848	1.14562	-6338.28	310640.61
543	2025.04.29 15:30	buy	218	33.40	1.13862	1.13676	1.14327	0.00	310640.61
544	2025.04.29 16:18	modify	218	33.40	1.13862	1.13872	1.14327	0.00	310640.61
545	2025.04.29 17:47	s/l	218	33.40	1.13872	1.13872	1.14327	334.00	310974.61
546	2025.04.30 10:30	sell	219	200.00	1.13797	1.14009	1.13267	0.00	310974.61
547	2025.04.30 18:21	modify	219	200.00	1.13797	1.13787	1.13267	0.00	310974.61
548	2025.04.30 18:30	t/p	219	200.00	1.13267	1.13787	1.13267	106000.00	416974.61
549	2025.05.01 15:00	sell	220	36.57	1.13197	1.13425	1.12627	0.00	416974.61
550	2025.05.01 17:20	modify	220	36.57	1.13197	1.13187	1.12627	0.00	416974.61
551	2025.05.02 09:10	s/l	220	36.57	1.13187	1.13187	1.12627	458.44	417433.05
552	2025.05.14 09:30	buy	221	98.80	1.11946	1.11777	1.12369	0.00	417433.05
553	2025.05.14 11:03	modify	221	98.80	1.11946	1.11956	1.12369	0.00	417433.05
554	2025.05.14 11:07	t/p	221	98.80	1.12369	1.11956	1.12369	41792.40	459225.45
555	2025.05.15 09:30	buy	222	37.33	1.12077	1.11831	1.12692	0.00	459225.45
556	2025.05.15 14:34	s/l	222	37.33	1.11831	1.11831	1.12692	-9183.18	450042.27
557	2025.05.22 15:45	sell	223	18.90	1.12926	1.13164	1.12331	0.00	450042.27
558	2025.05.22 20:28	modify	223	18.90	1.12926	1.12916	1.12331	0.00	450042.27
559	2025.05.23 03:24	s/l	223	18.90	1.12916	1.12916	1.12331	236.93	450279.20
560	2025.05.27 09:15	buy	224	200.00	1.13874	1.13645	1.14447	0.00	450279.20
561	2025.05.27 09:59	s/l	224	200.00	1.13645	1.13645	1.14447	-45800.00	404479.20
562	2025.05.28 14:00	sell	225	48.15	1.13254	1.13422	1.12834	0.00	404479.20
563	2025.05.28 16:11	modify	225	48.15	1.13254	1.13244	1.12834	0.00	404479.20
564	2025.05.29 02:10	t/p	225	48.15	1.12834	1.13244	1.12834	20589.33	425068.52
565	2025.06.05 10:15	buy	226	200.00	1.14189	1.14037	1.14569	0.00	425068.52
566	2025.06.05 15:30	modify	226	200.00	1.14189	1.14199	1.14569	0.00	425068.52
567	2025.06.05 15:50	s/l	226	200.00	1.14199	1.14199	1.14569	2000.00	427068.52
568	2025.06.10 10:00	sell	227	76.94	1.13940	1.14162	1.13385	0.00	427068.52
569	2025.06.10 12:41	s/l	227	76.94	1.14162	1.14162	1.13385	-17080.68	409987.84
570	2025.06.16 08:15	buy	228	50.93	1.15458	1.15297	1.15861	0.00	409987.84
571	2025.06.16 09:51	modify	228	50.93	1.15458	1.15468	1.15861	0.00	409987.84
572	2025.06.16 16:00	t/p	228	50.93	1.15861	1.15468	1.15861	20524.79	430512.63
573	2025.06.18 11:30	sell	229	200.00	1.15033	1.15188	1.14646	0.00	430512.63
574	2025.06.18 17:04	s/l	229	200.00	1.15188	1.15188	1.14646	-31000.00	399512.63
575	2025.07.09 10:45	sell	230	39.75	1.17098	1.17299	1.16596	0.00	399512.63
576	2025.07.10 02:39	s/l	230	39.75	1.17299	1.17299	1.16596	-7687.33	391825.30
577	2025.07.17 09:15	sell	231	20.51	1.16080	1.16271	1.15603	0.00	391825.30
578	2025.07.17 09:30	modify	231	20.51	1.16080	1.16070	1.15603	0.00	391825.30
579	2025.07.17 15:30	t/p	231	20.51	1.15603	1.16070	1.15603	9783.27	401608.57
580	2025.07.22 16:45	buy	232	200.00	1.16990	1.16763	1.17558	0.00	401608.57
581	2025.07.22 18:16	modify	232	200.00	1.16990	1.17000	1.17558	0.00	401608.57
582	2025.07.22 19:07	t/p	232	200.00	1.17558	1.17000	1.17558	113600.00	515208.57
583	2025.08.21 16:45	sell	233	57.24	1.16334	1.16514	1.15884	0.00	515208.57
584	2025.08.21 17:45	modify	233	57.24	1.16334	1.16324	1.15884	0.00	515208.57
585	2025.08.22 07:21	t/p	233	57.24	1.15884	1.16324	1.15884	25903.16	541111.73
586	2025.08.26 09:15	sell	234	134.43	1.16297	1.16458	1.15895	0.00	541111.73
587	2025.08.26 10:12	modify	234	134.43	1.16297	1.16287	1.15895	0.00	541111.73
588	2025.08.26 12:12	s/l	234	134.43	1.16287	1.16287	1.15895	1344.30	542456.03
589	2025.09.03 15:45	sell	235	143.69	1.16452	1.16603	1.16075	0.00	542456.03
590	2025.09.03 17:00	s/l	235	143.69	1.16603	1.16603	1.16075	-21697.19	520758.84
591	2025.09.29 15:00	buy	236	46.70	1.17293	1.17070	1.17851	0.00	520758.84
592	2025.10.01 08:00	modify	236	46.70	1.17293	1.17303	1.17851	0.00	520758.84
593	2025.10.01 13:02	s/l	236	46.70	1.17303	1.17303	1.17851	-312.33	520446.51
594	2025.10.01 15:15	sell	237	55.07	1.17234	1.17423	1.16762	0.00	520446.51
595	2025.10.01 15:15	s/l	237	55.07	1.17423	1.17423	1.16762	-10408.23	510038.28
596	2025.10.02 10:15	buy	238	26.15	1.17516	1.17321	1.18004	0.00	510038.28
597	2025.10.02 16:39	s/l	238	26.15	1.17321	1.17321	1.18004	-5099.25	504939.03
598	2025.10.09 09:15	sell	239	29.18	1.16299	1.16472	1.15867	0.00	504939.03
599	2025.10.09 11:35	modify	239	29.18	1.16299	1.16289	1.15867	0.00	504939.03
600	2025.10.09 17:22	t/p	239	29.18	1.15867	1.16289	1.15867	12605.76	517544.79
601	2025.10.14 09:30	sell	240	200.00	1.15710	1.15915	1.15198	0.00	517544.79
602	2025.10.14 17:40	s/l	240	200.00	1.15915	1.15915	1.15198	-41000.00	476544.79
603	2025.10.15 16:45	buy	241	50.42	1.16272	1.16083	1.16745	0.00	476544.79
604	2025.10.16 03:27	modify	241	50.42	1.16272	1.16282	1.16745	0.00	476544.79
605	2025.10.16 04:51	t/p	241	50.42	1.16745	1.16282	1.16745	22586.55	499131.34
606	2025.10.27 10:45	buy	242	200.00	1.16315	1.16155	1.16715	0.00	499131.34
607	2025.10.28 02:20	modify	242	200.00	1.16315	1.16325	1.16715	0.00	499131.34
608	2025.10.28 15:07	s/l	242	200.00	1.16325	1.16325	1.16715	331.20	499462.54
609	2025.10.28 16:30	buy	243	83.59	1.16557	1.16318	1.17155	0.00	499462.54
610	2025.10.29 06:55	s/l	243	83.59	1.16318	1.16318	1.17155	-20675.48	478787.06
611	2025.11.10 09:45	buy	244	50.13	1.15705	1.15514	1.16183	0.00	478787.06
612	2025.11.10 17:41	s/l	244	50.13	1.15514	1.15514	1.16183	-9574.83	469212.23
613	2025.11.19 15:45	sell	245	51.56	1.15749	1.15931	1.15294	0.00	469212.23
614	2025.11.19 17:10	modify	245	51.56	1.15749	1.15739	1.15294	0.00	469212.23
615	2025.11.19 19:26	t/p	245	51.56	1.15294	1.15739	1.15294	23459.80	492672.03
616	2025.12.01 09:30	buy	246	200.00	1.16082	1.15892	1.16557	0.00	492672.03
617	2025.12.01 14:37	modify	246	200.00	1.16082	1.16092	1.16557	0.00	492672.03
618	2025.12.01 21:11	s/l	246	200.00	1.16092	1.16092	1.16557	2000.00	494672.03
619	2025.12.16 16:00	buy	247	94.67	1.17758	1.17549	1.18281	0.00	494672.03
620	2025.12.16 20:07	s/l	247	94.67	1.17549	1.17549	1.18281	-19786.03	474886.00
621	2025.12.24 11:00	buy	248	43.36	1.17995	1.17776	1.18543	0.00	474886.00
622	2025.12.24 16:55	s/l	248	43.36	1.17776	1.17776	1.18543	-9495.84	465390.16
623	2026.01.12 15:15	buy	249	55.40	1.16925	1.16757	1.17345	0.00	465390.16
624	2026.01.12 16:29	s/l	249	55.40	1.16757	1.16757	1.17345	-9307.20	456082.96
625	2026.01.19 09:15	buy	250	53.03	1.16400	1.16228	1.16830	0.00	456082.96
626	2026.01.19 10:07	s/l	250	53.03	1.16228	1.16228	1.16830	-9121.16	446961.80
627	2026.01.29 15:00	buy	251	24.29	1.19613	1.19429	1.20073	0.00	446961.80
628	2026.01.29 15:49	s/l	251	24.29	1.19429	1.19429	1.20073	-4469.36	442492.44
629	2026.02.04 16:15	sell	252	44.24	1.18076	1.18276	1.17576	0.00	442492.44
630	2026.02.05 23:02	modify	252	44.24	1.18076	1.18066	1.17576	0.00	442492.44
631	2026.02.06 15:49	s/l	252	44.24	1.18066	1.18066	1.17576	891.17	443383.61
632	2026.02.18 16:00	sell	253	200.00	1.18236	1.18481	1.17624	0.00	443383.61
633	2026.02.18 20:47	modify	253	200.00	1.18236	1.18226	1.17624	0.00	443383.61
634	2026.02.19 15:04	t/p	253	200.00	1.17624	1.18226	1.17624	123921.60	567305.21
635	2026.02.25 16:00	sell	254	120.70	1.17734	1.17922	1.17264	0.00	567305.21
636	2026.02.25 17:07	s/l	254	120.70	1.17922	1.17922	1.17264	-22691.60	544613.61
637	2026.03.17 09:15	buy	255	68.07	1.14885	1.14725	1.15285	0.00	544613.61
638	2026.03.17 10:48	modify	255	68.07	1.14885	1.14895	1.15285	0.00	544613.61
639	2026.03.17 15:00	t/p	255	68.07	1.15285	1.14895	1.15285	27228.00	571841.61
