1	2020.04.06 09:15	sell	1	0.44	1.08149	1.08374	1.07587	0.00	10000.00
2	2020.04.06 15:45	modify	1	0.44	1.08149	1.08139	1.07587	0.00	10000.00
3	2020.04.06 18:24	s/l	1	0.44	1.08139	1.08139	1.07587	4.40	10004.40
4	2020.04.09 15:15	buy	2	1.02	1.08670	1.08475	1.09158	0.00	10004.40
5	2020.04.09 15:53	modify	2	1.02	1.08670	1.08680	1.09158	0.00	10004.40
6	2020.04.09 16:13	t/p	2	1.02	1.09158	1.08680	1.09158	497.76	10502.16
7	2020.04.13 09:30	buy	3	1.50	1.09488	1.09314	1.09923	0.00	10502.16
8	2020.04.13 11:20	s/l	3	1.50	1.09314	1.09314	1.09923	-261.00	10241.16
9	2020.04.13 15:00	buy	4	0.44	1.09303	1.09072	1.09881	0.00	10241.16
10	2020.04.13 16:29	s/l	4	0.44	1.09072	1.09072	1.09881	-101.64	10139.52
11	2020.04.20 08:45	sell	5	0.49	1.08528	1.08731	1.08021	0.00	10139.52
12	2020.04.20 11:46	s/l	5	0.49	1.08731	1.08731	1.08021	-99.47	10040.05
13	2020.04.28 10:30	buy	6	0.43	1.08307	1.08076	1.08885	0.00	10040.05
14	2020.04.28 12:20	modify	6	0.43	1.08307	1.08317	1.08885	0.00	10040.05
15	2020.04.28 17:59	s/l	6	0.43	1.08317	1.08317	1.08885	4.30	10044.35
16	2020.04.29 16:00	buy	7	2.02	1.08573	1.08375	1.09068	0.00	10044.35
17	2020.04.30 10:05	modify	7	2.02	1.08573	1.08583	1.09068	0.00	10044.35
18	2020.04.30 16:08	s/l	7	2.02	1.08583	1.08583	1.09068	-30.36	10013.99
19	2020.05.07 11:00	sell	8	0.25	1.07988	1.08182	1.07503	0.00	10013.99
20	2020.05.07 17:03	modify	8	0.25	1.07988	1.07978	1.07503	0.00	10013.99
21	2020.05.07 18:45	s/l	8	0.25	1.07978	1.07978	1.07503	2.50	10016.49
22	2020.05.12 10:45	sell	9	1.91	1.08086	1.08295	1.07564	0.00	10016.49
23	2020.05.12 13:25	s/l	9	1.91	1.08295	1.08295	1.07564	-399.19	9617.30
24	2020.05.27 11:00	buy	10	0.63	1.09651	1.09499	1.10031	0.00	9617.30
25	2020.05.27 12:03	s/l	10	0.63	1.09499	1.09499	1.10031	-95.76	9521.54
26	2020.06.08 10:00	buy	11	0.62	1.12944	1.12791	1.13327	0.00	9521.54
27	2020.06.08 13:35	s/l	11	0.62	1.12791	1.12791	1.13327	-94.86	9426.68
28	2020.06.09 09:45	sell	12	0.41	1.12753	1.12980	1.12186	0.00	9426.68
29	2020.06.09 11:19	modify	12	0.41	1.12753	1.12743	1.12186	0.00	9426.68
30	2020.06.09 13:09	s/l	12	0.41	1.12743	1.12743	1.12186	4.10	9430.78
31	2020.06.24 14:00	buy	13	2.35	1.13069	1.12909	1.13469	0.00	9430.78
32	2020.06.24 14:43	s/l	13	2.35	1.12909	1.12909	1.13469	-376.00	9054.78
33	2020.07.08 09:15	sell	14	0.50	1.12656	1.12836	1.12206	0.00	9054.78
34	2020.07.08 10:06	s/l	14	0.50	1.12836	1.12836	1.12206	-90.00	8964.78
35	2020.07.08 14:45	buy	15	0.58	1.12893	1.12740	1.13276	0.00	8964.78
36	2020.07.08 16:32	modify	15	0.58	1.12893	1.12903	1.13276	0.00	8964.78
37	2020.07.08 16:39	t/p	15	0.58	1.13276	1.12903	1.13276	222.14	9186.92
38	2020.07.14 11:45	buy	16	1.77	1.13492	1.13285	1.14010	0.00	9186.92
39	2020.07.14 14:36	modify	16	1.77	1.13492	1.13502	1.14010	0.00	9186.92
40	2020.07.14 17:29	t/p	16	1.77	1.14010	1.13502	1.14010	916.86	10103.78
41	2020.07.16 15:00	buy	17	0.66	1.14133	1.13944	1.14606	0.00	10103.78
42	2020.07.16 17:40	modify	17	0.66	1.14133	1.14143	1.14606	0.00	10103.78
43	2020.07.16 19:39	s/l	17	0.66	1.14143	1.14143	1.14606	6.60	10110.38
44	2020.07.21 10:15	buy	18	1.03	1.14589	1.14345	1.15199	0.00	10110.38
45	2020.07.21 10:46	s/l	18	1.03	1.14345	1.14345	1.15199	-251.32	9859.06
46	2020.07.29 09:15	buy	19	0.59	1.17407	1.17240	1.17825	0.00	9859.06
47	2020.07.29 10:43	modify	19	0.59	1.17407	1.17417	1.17825	0.00	9859.06
48	2020.07.29 14:01	s/l	19	0.59	1.17417	1.17417	1.17825	5.90	9864.96
49	2020.08.17 14:45	buy	20	2.05	1.18510	1.18318	1.18990	0.00	9864.96
50	2020.08.17 16:51	modify	20	2.05	1.18510	1.18520	1.18990	0.00	9864.96
51	2020.08.18 09:33	t/p	20	2.05	1.18990	1.18520	1.18990	966.89	10831.85
52	2020.08.27 10:45	buy	21	0.78	1.18316	1.18144	1.18746	0.00	10831.85
53	2020.08.27 13:34	s/l	21	0.78	1.18144	1.18144	1.18746	-134.16	10697.69
54	2020.09.02 09:30	sell	22	0.56	1.18965	1.19153	1.18495	0.00	10697.69
55	2020.09.02 10:32	modify	22	0.56	1.18965	1.18955	1.18495	0.00	10697.69
56	2020.09.02 14:31	t/p	22	0.56	1.18495	1.18955	1.18495	263.20	10960.89
57	2020.09.09 11:45	sell	23	2.05	1.17679	1.17892	1.17147	0.00	10960.89
58	2020.09.09 15:49	s/l	23	2.05	1.17892	1.17892	1.17147	-436.65	10524.24
59	2020.09.10 11:30	buy	24	0.29	1.18319	1.18138	1.18772	0.00	10524.24
60	2020.09.10 15:31	modify	24	0.29	1.18319	1.18329	1.18772	0.00	10524.24
61	2020.09.10 15:31	t/p	24	0.29	1.18772	1.18329	1.18772	131.37	10655.61
62	2020.09.30 15:30	buy	25	2.25	1.17154	1.16965	1.17627	0.00	10655.61
63	2020.09.30 16:38	s/l	25	2.25	1.16965	1.16965	1.17627	-425.25	10230.36
64	2020.10.12 10:45	buy	26	0.55	1.18219	1.18036	1.18677	0.00	10230.36
65	2020.10.12 12:24	s/l	26	0.55	1.18036	1.18036	1.18677	-100.65	10129.71
66	2020.10.13 16:15	sell	27	0.55	1.17823	1.18006	1.17366	0.00	10129.71
67	2020.10.13 16:39	modify	27	0.55	1.17823	1.17813	1.17366	0.00	10129.71
68	2020.10.13 18:47	t/p	27	0.55	1.17366	1.17813	1.17366	251.35	10381.06
69	2020.11.10 10:00	sell	28	1.97	1.18168	1.18378	1.17643	0.00	10381.06
70	2020.11.10 10:28	s/l	28	1.97	1.18378	1.18378	1.17643	-413.70	9967.36
71	2020.11.11 09:45	sell	29	0.63	1.18144	1.18301	1.17752	0.00	9967.36
72	2020.11.11 10:20	modify	29	0.63	1.18144	1.18134	1.17752	0.00	9967.36
73	2020.11.11 12:55	t/p	29	0.63	1.17752	1.18134	1.17752	246.96	10214.32
74	2020.11.12 16:00	buy	30	0.96	1.18095	1.17883	1.18625	0.00	10214.32
75	2020.11.12 16:29	s/l	30	0.96	1.17883	1.17883	1.18625	-203.52	10010.80
76	2020.11.19 10:30	sell	31	0.28	1.18360	1.18534	1.17925	0.00	10010.80
77	2020.11.19 20:55	s/l	31	0.28	1.18534	1.18534	1.17925	-48.72	9962.08
78	2020.11.25 15:00	buy	32	0.62	1.18959	1.18799	1.19359	0.00	9962.08
79	2020.11.25 17:39	modify	32	0.62	1.18959	1.18969	1.19359	0.00	9962.08
80	2020.11.26 08:23	t/p	32	0.62	1.19359	1.18969	1.19359	232.48	10194.56
81	2020.12.01 15:30	buy	33	2.02	1.19823	1.19622	1.20326	0.00	10194.56
82	2020.12.01 17:17	modify	33	2.02	1.19823	1.19833	1.20326	0.00	10194.56
83	2020.12.01 17:49	t/p	33	2.02	1.20326	1.19833	1.20326	1016.06	11210.62
84	2020.12.15 16:30	buy	34	1.46	1.21529	1.21338	1.22007	0.00	11210.62
85	2020.12.16 10:30	modify	34	1.46	1.21529	1.21539	1.22007	0.00	11210.62
86	2020.12.16 10:34	t/p	34	1.46	1.22007	1.21539	1.22007	685.70	11896.32
87	2020.12.22 10:00	sell	35	1.96	1.22167	1.22318	1.21790	0.00	11896.32
88	2020.12.22 12:52	s/l	35	1.96	1.22318	1.22318	1.21790	-295.96	11600.36
89	2020.12.23 10:15	sell	36	0.60	1.21838	1.22029	1.21361	0.00	11600.36
90	2020.12.23 16:30	s/l	36	0.60	1.22029	1.22029	1.21361	-114.60	11485.76
91	2020.12.28 15:15	buy	37	0.61	1.22187	1.22001	1.22652	0.00	11485.76
92	2020.12.29 09:12	modify	37	0.61	1.22187	1.22197	1.22652	0.00	11485.76
93	2020.12.29 16:48	t/p	37	0.61	1.22652	1.22197	1.22652	278.56	11764.32
94	2020.12.31 11:00	buy	38	1.44	1.23012	1.22849	1.23420	0.00	11764.32
95	2020.12.31 11:15	s/l	38	1.44	1.22849	1.22849	1.23420	-234.72	11529.60
96	2021.01.05 10:15	buy	39	0.69	1.22697	1.22531	1.23112	0.00	11529.60
97	2021.01.05 18:45	modify	39	0.69	1.22697	1.22707	1.23112	0.00	11529.60
98	2021.01.06 02:50	t/p	39	0.69	1.23112	1.22707	1.23112	280.59	11810.19
99	2021.01.21 11:30	buy	40	1.07	1.21412	1.21193	1.21960	0.00	11810.19
100	2021.01.22 02:14	modify	40	1.07	1.21412	1.21422	1.21960	0.00	11810.19
101	2021.01.25 12:00	s/l	40	1.07	1.21422	1.21422	1.21960	-7.16	11803.03
102	2021.01.28 15:15	sell	41	0.26	1.20907	1.21129	1.20352	0.00	11803.03
103	2021.01.28 15:50	s/l	41	0.26	1.21129	1.21129	1.20352	-57.72	11745.31
104	2021.02.02 11:45	sell	42	0.57	1.20683	1.20886	1.20176	0.00	11745.31
105	2021.02.02 12:16	modify	42	0.57	1.20683	1.20673	1.20176	0.00	11745.31
106	2021.02.02 19:01	t/p	42	0.57	1.20176	1.20673	1.20176	288.99	12034.30
107	2021.02.08 09:45	buy	43	3.02	1.20459	1.20300	1.20857	0.00	12034.30
108	2021.02.08 10:29	s/l	43	3.02	1.20300	1.20300	1.20857	-480.18	11554.12
109	2021.02.08 15:45	buy	44	0.62	1.20367	1.20182	1.20830	0.00	11554.12
110	2021.02.08 17:05	modify	44	0.62	1.20367	1.20377	1.20830	0.00	11554.12
111	2021.02.08 18:21	s/l	44	0.62	1.20377	1.20377	1.20830	6.20	11560.32
112	2021.02.22 10:15	buy	45	2.80	1.21199	1.21034	1.21612	0.00	11560.32
113	2021.02.22 10:27	s/l	45	2.80	1.21034	1.21034	1.21612	-462.00	11098.32
114	2021.04.15 16:30	buy	46	0.31	1.19716	1.19541	1.20154	0.00	11098.32
115	2021.04.16 04:04	s/l	46	0.31	1.19541	1.19541	1.20154	-56.84	11041.49
116	2021.04.21 16:15	sell	47	0.72	1.20019	1.20171	1.19639	0.00	11041.49
117	2021.04.21 17:26	s/l	47	0.72	1.20171	1.20171	1.19639	-109.44	10932.05
118	2021.05.13 11:30	sell	48	0.29	1.20814	1.20997	1.20357	0.00	10932.05
119	2021.05.13 11:50	modify	48	0.29	1.20814	1.20804	1.20357	0.00	10932.05
120	2021.05.13 14:23	s/l	48	0.29	1.20804	1.20804	1.20357	2.90	10934.95
121	2021.05.27 09:30	sell	49	1.24	1.21872	1.22048	1.21432	0.00	10934.95
122	2021.05.27 10:17	s/l	49	1.24	1.22048	1.22048	1.21432	-218.24	10716.71
123	2021.05.27 16:00	sell	50	0.29	1.21861	1.22041	1.21411	0.00	10716.71
124	2021.05.27 17:17	s/l	50	0.29	1.22041	1.22041	1.21411	-52.20	10664.51
125	2021.05.31 15:00	buy	51	0.69	1.21993	1.21839	1.22378	0.00	10664.51
126	2021.05.31 17:55	modify	51	0.69	1.21993	1.22003	1.22378	0.00	10664.51
127	2021.06.01 10:30	t/p	51	0.69	1.22378	1.22003	1.22378	259.89	10924.40
128	2021.06.23 10:45	buy	52	1.76	1.19343	1.19096	1.19961	0.00	10924.40
129	2021.06.25 16:56	modify	52	1.76	1.19343	1.19353	1.19961	0.00	10924.40
130	2021.06.25 19:29	s/l	52	1.76	1.19353	1.19353	1.19961	-41.14	10883.26
131	2021.07.05 09:45	buy	53	0.68	1.18658	1.18499	1.19056	0.00	10883.26
132	2021.07.06 09:04	modify	53	0.68	1.18658	1.18668	1.19056	0.00	10883.26
133	2021.07.06 11:07	s/l	53	0.68	1.18668	1.18668	1.19056	1.13	10884.39
134	2021.07.07 16:00	sell	54	1.95	1.18159	1.18382	1.17602	0.00	10884.39
135	2021.07.07 17:32	modify	54	1.95	1.18159	1.18149	1.17602	0.00	10884.39
136	2021.07.07 21:02	s/l	54	1.95	1.18149	1.18149	1.17602	19.50	10903.89
137	2021.07.20 15:15	sell	55	1.36	1.17749	1.17948	1.17252	0.00	10903.89
138	2021.07.21 17:40	s/l	55	1.36	1.17948	1.17948	1.17252	-267.19	10636.69
139	2021.08.05 15:30	sell	56	0.30	1.18418	1.18592	1.17983	0.00	10636.69
140	2021.08.06 11:23	modify	56	0.30	1.18418	1.18408	1.17983	0.00	10636.69
141	2021.08.06 15:30	t/p	56	0.30	1.17983	1.18408	1.17983	131.26	10767.95
142	2021.08.25 16:15	buy	57	2.23	1.17433	1.17240	1.17916	0.00	10767.95
143	2021.08.25 21:13	modify	57	2.23	1.17433	1.17443	1.17916	0.00	10767.95
144	2021.08.27 03:35	s/l	57	2.23	1.17443	1.17443	1.17916	-52.13	10715.83
145	2021.09.01 15:30	buy	58	0.70	1.18263	1.18112	1.18641	0.00	10715.83
146	2021.09.01 17:45	modify	58	0.70	1.18263	1.18273	1.18641	0.00	10715.83
147	2021.09.02 17:38	t/p	58	0.70	1.18641	1.18273	1.18641	247.08	10962.90
148	2021.09.23 15:45	buy	59	1.19	1.17305	1.17121	1.17765	0.00	10962.90
149	2021.09.24 15:32	s/l	59	1.19	1.17121	1.17121	1.17765	-228.89	10734.01
150	2021.09.27 14:30	sell	60	0.69	1.16971	1.17125	1.16586	0.00	10734.01
151	2021.09.28 10:10	modify	60	0.69	1.16971	1.16961	1.16586	0.00	10734.01
152	2021.09.28 17:15	s/l	60	0.69	1.16961	1.16961	1.16586	8.65	10742.66
153	2021.10.05 16:15	sell	61	2.55	1.15887	1.16055	1.15467	0.00	10742.66
154	2021.10.05 18:13	s/l	61	2.55	1.16055	1.16055	1.15467	-428.40	10314.26
155	2021.10.25 10:45	buy	62	0.43	1.16630	1.16392	1.17225	0.00	10314.26
156	2021.10.25 12:18	s/l	62	0.43	1.16392	1.16392	1.17225	-102.34	10211.92
157	2021.11.04 16:00	sell	63	0.25	1.15534	1.15731	1.15042	0.00	10211.92
158	2021.11.05 14:30	modify	63	0.25	1.15534	1.15524	1.15042	0.00	10211.92
159	2021.11.05 17:39	s/l	63	0.25	1.15524	1.15524	1.15042	3.13	10215.06
160	2021.11.08 10:45	buy	64	1.96	1.15691	1.15483	1.16211	0.00	10215.06
161	2021.11.09 07:05	modify	64	1.96	1.15691	1.15701	1.16211	0.00	10215.06
162	2021.11.09 15:01	s/l	64	1.96	1.15701	1.15701	1.16211	3.25	10218.30
163	2021.11.15 15:00	sell	65	1.62	1.14409	1.14566	1.14017	0.00	10218.30
164	2021.11.15 18:02	modify	65	1.62	1.14409	1.14399	1.14017	0.00	10218.30
165	2021.11.15 19:24	t/p	65	1.62	1.14017	1.14399	1.14017	635.04	10853.34
166	2021.11.18 16:30	buy	66	0.82	1.13411	1.13247	1.13821	0.00	10853.34
167	2021.11.18 19:04	modify	66	0.82	1.13411	1.13421	1.13821	0.00	10853.34
168	2021.11.19 10:01	s/l	66	0.82	1.13421	1.13421	1.13821	1.36	10854.70
169	2021.12.01 15:30	buy	67	1.37	1.13284	1.13087	1.13777	0.00	10854.70
170	2021.12.02 09:56	s/l	67	1.37	1.13087	1.13087	1.13777	-304.18	10550.52
171	2021.12.02 10:45	buy	68	0.32	1.13242	1.13080	1.13647	0.00	10550.52
172	2021.12.02 18:20	s/l	68	0.32	1.13080	1.13080	1.13647	-51.84	10498.68
173	2021.12.27 14:15	sell	69	0.65	1.13070	1.13231	1.12668	0.00	10498.68
174	2021.12.27 16:38	s/l	69	0.65	1.13231	1.13231	1.12668	-104.65	10394.03
175	2022.01.03 15:30	buy	70	0.61	1.13631	1.13461	1.14056	0.00	10394.03
176	2022.01.03 15:51	s/l	70	0.61	1.13461	1.13461	1.14056	-103.70	10290.33
177	2022.01.05 15:15	buy	71	0.67	1.13182	1.13029	1.13565	0.00	10290.33
178	2022.01.05 17:01	modify	71	0.67	1.13182	1.13192	1.13565	0.00	10290.33
179	2022.01.05 21:09	s/l	71	0.67	1.13192	1.13192	1.13565	6.70	10297.03
180	2022.01.06 16:45	buy	72	0.96	1.13256	1.13043	1.13789	0.00	10297.03
181	2022.01.06 17:26	s/l	72	0.96	1.13043	1.13043	1.13789	-204.48	10092.55
182	2022.01.20 16:30	sell	73	0.30	1.13429	1.13596	1.13012	0.00	10092.55
183	2022.01.20 20:37	modify	73	0.30	1.13429	1.13419	1.13012	0.00	10092.55
184	2022.01.21 03:03	t/p	73	0.30	1.13012	1.13419	1.13012	125.86	10218.41
185	2022.02.08 15:15	sell	74	2.22	1.14073	1.14257	1.13613	0.00	10218.41
186	2022.02.09 04:02	s/l	74	2.22	1.14257	1.14257	1.13613	-402.85	9815.56
187	2022.02.09 15:45	buy	75	0.57	1.14450	1.14278	1.14880	0.00	9815.56
188	2022.02.09 16:24	s/l	75	0.57	1.14278	1.14278	1.14880	-98.04	9717.52
189	2022.02.16 16:45	buy	76	0.51	1.13702	1.13512	1.14177	0.00	9717.52
190	2022.02.17 05:55	s/l	76	0.51	1.13512	1.13512	1.14177	-109.67	9607.85
191	2022.02.17 08:45	sell	77	0.22	1.13546	1.13760	1.13011	0.00	9607.85
192	2022.02.17 10:00	s/l	77	0.22	1.13760	1.13760	1.13011	-47.08	9560.77
193	2022.03.09 10:15	buy	78	0.46	1.09293	1.09089	1.09803	0.00	9560.77
194	2022.03.09 11:27	modify	78	0.46	1.09293	1.09303	1.09803	0.00	9560.77
195	2022.03.09 12:06	t/p	78	0.46	1.09803	1.09303	1.09803	234.60	9795.37
196	2022.03.29 09:45	buy	79	1.79	1.10025	1.09807	1.10570	0.00	9795.37
197	2022.03.29 11:53	s/l	79	1.79	1.09807	1.09807	1.10570	-390.22	9405.15
198	2022.04.07 10:15	sell	80	0.27	1.09124	1.09298	1.08689	0.00	9405.15
199	2022.04.07 11:11	modify	80	0.27	1.09124	1.09114	1.08689	0.00	9405.15
200	2022.04.07 12:20	t/p	80	0.27	1.08689	1.09114	1.08689	117.45	9522.60
201	2022.04.11 09:30	sell	81	2.32	1.08789	1.08953	1.08379	0.00	9522.60
202	2022.04.11 10:26	s/l	81	2.32	1.08953	1.08953	1.08379	-380.48	9142.12
203	2022.04.13 09:30	sell	82	0.47	1.08275	1.08469	1.07790	0.00	9142.12
204	2022.04.13 14:32	s/l	82	0.47	1.08469	1.08469	1.07790	-91.18	9050.94
205	2022.04.13 15:00	sell	83	0.49	1.08313	1.08497	1.07853	0.00	9050.94
206	2022.04.13 18:02	s/l	83	0.49	1.08497	1.08497	1.07853	-90.16	8960.78
207	2022.04.19 16:15	sell	84	0.58	1.07876	1.08028	1.07496	0.00	8960.78
208	2022.04.19 16:43	s/l	84	0.58	1.08028	1.08028	1.07496	-88.16	8872.62
209	2022.04.20 11:30	buy	85	0.56	1.08193	1.08037	1.08583	0.00	8872.62
210	2022.04.20 12:09	modify	85	0.56	1.08193	1.08203	1.08583	0.00	8872.62
211	2022.04.20 12:38	t/p	85	0.56	1.08583	1.08203	1.08583	218.40	9091.02
212	2022.04.21 08:15	buy	86	1.02	1.08450	1.08272	1.08895	0.00	9091.02
213	2022.04.21 09:30	modify	86	1.02	1.08450	1.08460	1.08895	0.00	9091.02
214	2022.04.21 09:41	t/p	86	1.02	1.08895	1.08460	1.08895	453.90	9544.92
215	2022.05.03 08:00	sell	87	0.97	1.05017	1.05263	1.04402	0.00	9544.92
216	2022.05.03 10:36	s/l	87	0.97	1.05263	1.05263	1.04402	-238.62	9306.30
217	2022.05.04 15:30	buy	88	0.46	1.05412	1.05213	1.05910	0.00	9306.30
218	2022.05.04 21:01	modify	88	0.46	1.05412	1.05422	1.05910	0.00	9306.30
219	2022.05.04 21:10	s/l	88	0.46	1.05422	1.05422	1.05910	4.60	9310.90
220	2022.05.18 15:15	buy	89	1.92	1.05222	1.05029	1.05705	0.00	9310.90
221	2022.05.18 17:31	s/l	89	1.92	1.05029	1.05029	1.05705	-370.56	8940.34
222	2022.05.26 10:45	buy	90	0.22	1.06934	1.06734	1.07434	0.00	8940.34
223	2022.05.26 18:13	modify	90	0.22	1.06934	1.06944	1.07434	0.00	8940.34
224	2022.05.27 04:33	t/p	90	0.22	1.07434	1.06944	1.07434	108.16	9048.51
225	2022.06.01 16:45	sell	91	1.82	1.07130	1.07328	1.06635	0.00	9048.51
226	2022.06.01 17:04	modify	91	1.82	1.07130	1.07120	1.06635	0.00	9048.51
227	2022.06.01 17:18	t/p	91	1.82	1.06635	1.07120	1.06635	900.90	9949.41
228	2022.06.08 11:45	sell	92	1.23	1.06769	1.06970	1.06267	0.00	9949.41
229	2022.06.08 12:30	s/l	92	1.23	1.06970	1.06970	1.06267	-247.23	9702.18
230	2022.06.21 09:45	buy	93	0.63	1.05279	1.05126	1.05662	0.00	9702.18
231	2022.06.21 10:16	modify	93	0.63	1.05279	1.05289	1.05662	0.00	9702.18
232	2022.06.21 11:19	t/p	93	0.63	1.05662	1.05289	1.05662	241.29	9943.47
233	2022.06.22 16:00	buy	94	2.20	1.05310	1.05130	1.05760	0.00	9943.47
234	2022.06.22 16:41	modify	94	2.20	1.05310	1.05320	1.05760	0.00	9943.47
235	2022.06.22 17:37	t/p	94	2.20	1.05760	1.05320	1.05760	990.00	10933.47
236	2022.06.27 10:00	buy	95	1.68	1.05686	1.05524	1.06091	0.00	10933.47
237	2022.06.27 17:48	modify	95	1.68	1.05686	1.05696	1.06091	0.00	10933.47
238	2022.06.27 18:15	t/p	95	1.68	1.06091	1.05696	1.06091	680.40	11613.87
239	2022.06.28 11:30	buy	96	1.88	1.05880	1.05726	1.06265	0.00	11613.87
240	2022.06.28 14:52	s/l	96	1.88	1.05726	1.05726	1.06265	-289.52	11324.35
241	2022.07.13 10:00	sell	97	0.74	1.00335	1.00488	0.99953	0.00	11324.35
242	2022.07.13 10:00	s/l	97	0.74	1.00488	1.00488	0.99953	-113.22	11211.13
243	2022.07.19 08:15	buy	98	0.59	1.01413	1.01223	1.01888	0.00	11211.13
244	2022.07.19 10:00	modify	98	0.59	1.01413	1.01423	1.01888	0.00	11211.13
245	2022.07.19 10:29	t/p	98	0.59	1.01888	1.01423	1.01888	280.25	11491.38
246	2022.08.01 09:45	buy	99	2.96	1.02270	1.02115	1.02658	0.00	11491.38
247	2022.08.01 11:33	modify	99	2.96	1.02270	1.02280	1.02658	0.00	11491.38
248	2022.08.01 11:41	t/p	99	2.96	1.02658	1.02280	1.02658	1148.48	12639.86
249	2022.08.03 16:15	sell	100	1.60	1.01762	1.01959	1.01270	0.00	12639.86
250	2022.08.03 17:01	modify	100	1.60	1.01762	1.01752	1.01270	0.00	12639.86
251	2022.08.03 17:35	t/p	100	1.60	1.01270	1.01752	1.01270	787.20	13427.06
252	2022.08.08 14:15	buy	101	1.59	1.01999	1.01788	1.02527	0.00	13427.06
253	2022.08.09 11:30	modify	101	1.59	1.01999	1.02009	1.02527	0.00	13427.06
254	2022.08.10 14:53	t/p	101	1.59	1.02527	1.02009	1.02527	812.99	14240.04
255	2022.08.11 09:15	buy	102	1.14	1.02897	1.02741	1.03287	0.00	14240.04
256	2022.08.11 09:58	modify	102	1.14	1.02897	1.02907	1.03287	0.00	14240.04
257	2022.08.11 10:33	t/p	102	1.14	1.03287	1.02907	1.03287	444.60	14684.64
258	2022.08.17 09:15	sell	103	2.38	1.01733	1.01887	1.01348	0.00	14684.64
259	2022.08.17 10:20	modify	103	2.38	1.01733	1.01723	1.01348	0.00	14684.64
260	2022.08.17 11:27	s/l	103	2.38	1.01723	1.01723	1.01348	23.80	14708.44
261	2022.08.17 14:30	sell	104	1.86	1.01597	1.01794	1.01105	0.00	14708.44
262	2022.08.17 17:04	s/l	104	1.86	1.01794	1.01794	1.01105	-366.42	14342.02
263	2022.08.18 09:00	sell	105	0.44	1.01644	1.01806	1.01239	0.00	14342.02
264	2022.08.18 13:09	s/l	105	0.44	1.01806	1.01806	1.01239	-71.28	14270.74
265	2022.08.18 15:45	sell	106	0.30	1.01654	1.01889	1.01067	0.00	14270.74
266	2022.08.18 16:45	modify	106	0.30	1.01654	1.01644	1.01067	0.00	14270.74
267	2022.08.18 19:17	t/p	106	0.30	1.01067	1.01644	1.01067	176.10	14446.84
268	2022.08.24 09:00	sell	107	3.12	0.99430	0.99615	0.98968	0.00	14446.84
269	2022.08.24 15:45	modify	107	3.12	0.99430	0.99420	0.98968	0.00	14446.84
270	2022.08.24 17:46	s/l	107	3.12	0.99420	0.99420	0.98968	31.20	14478.04
271	2022.10.17 10:15	buy	108	2.01	0.97468	0.97288	0.97918	0.00	14478.04
272	2022.10.17 11:32	s/l	108	2.01	0.97288	0.97288	0.97918	-361.80	14116.24
273	2022.10.25 11:15	buy	109	0.63	0.98730	0.98507	0.99288	0.00	14116.24
274	2022.10.25 14:05	s/l	109	0.63	0.98507	0.98507	0.99288	-140.49	13975.75
275	2022.10.25 16:00	buy	110	0.67	0.98748	0.98542	0.99263	0.00	13975.75
276	2022.10.25 16:16	modify	110	0.67	0.98748	0.98758	0.99263	0.00	13975.75
277	2022.10.25 16:24	t/p	110	0.67	0.99263	0.98758	0.99263	345.05	14320.80
278	2022.11.01 11:15	sell	111	2.53	0.99183	0.99409	0.98618	0.00	14320.80
279	2022.11.01 12:26	s/l	111	2.53	0.99409	0.99409	0.98618	-571.78	13749.02
280	2022.11.17 09:45	buy	112	0.36	1.03868	1.03681	1.04336	0.00	13749.02
281	2022.11.17 11:34	s/l	112	0.36	1.03681	1.03681	1.04336	-67.32	13681.70
282	2022.12.06 10:30	sell	113	0.61	1.04892	1.05116	1.04332	0.00	13681.70
283	2022.12.06 13:20	s/l	113	0.61	1.05116	1.05116	1.04332	-136.64	13545.06
284	2022.12.08 11:00	buy	114	0.41	1.05268	1.05104	1.05678	0.00	13545.06
285	2022.12.08 11:20	s/l	114	0.41	1.05104	1.05104	1.05678	-67.24	13477.82
286	2022.12.13 08:00	buy	115	0.76	1.05518	1.05342	1.05958	0.00	13477.82
287	2022.12.13 10:49	s/l	115	0.76	1.05342	1.05342	1.05958	-133.76	13344.06
288	2022.12.15 08:30	buy	116	0.43	1.06600	1.06447	1.06983	0.00	13344.06
289	2022.12.15 09:44	s/l	116	0.43	1.06447	1.06447	1.06983	-65.79	13278.27
290	2022.12.21 11:00	buy	117	0.66	1.06346	1.06147	1.06844	0.00	13278.27
291	2022.12.21 11:37	s/l	117	0.66	1.06147	1.06147	1.06844	-131.34	13146.93
292	2022.12.21 14:30	buy	118	0.76	1.06196	1.06025	1.06624	0.00	13146.93
293	2022.12.21 16:44	s/l	118	0.76	1.06025	1.06025	1.06624	-129.96	13016.97
294	2022.12.22 11:45	buy	119	0.43	1.06419	1.06269	1.06794	0.00	13016.97
295	2022.12.22 13:00	s/l	119	0.43	1.06269	1.06269	1.06794	-64.50	12952.47
296	2022.12.22 15:00	buy	120	0.28	1.06371	1.06147	1.06931	0.00	12952.47
297	2022.12.22 15:34	s/l	120	0.28	1.06147	1.06147	1.06931	-62.72	12889.75
298	2022.12.26 15:15	buy	121	0.81	1.06300	1.06141	1.06698	0.00	12889.75
299	2022.12.27 04:01	modify	121	0.81	1.06300	1.06310	1.06698	0.00	12889.75
300	2022.12.27 15:00	s/l	121	0.81	1.06310	1.06310	1.06698	1.34	12891.09
301	2022.12.28 16:30	buy	122	2.30	1.06541	1.06317	1.07101	0.00	12891.09
302	2022.12.28 17:36	s/l	122	2.30	1.06317	1.06317	1.07101	-515.20	12375.89
303	2023.01.04 15:30	buy	123	0.59	1.06138	1.05929	1.06661	0.00	12375.89
304	2023.01.04 17:04	s/l	123	0.59	1.05929	1.05929	1.06661	-123.31	12252.58
305	2023.01.05 08:15	buy	124	0.31	1.06197	1.06001	1.06687	0.00	12252.58
306	2023.01.05 09:44	s/l	124	0.31	1.06001	1.06001	1.06687	-60.76	12191.82
307	2023.01.05 11:45	buy	125	0.33	1.06257	1.06076	1.06710	0.00	12191.82
308	2023.01.05 13:24	s/l	125	0.33	1.06076	1.06076	1.06710	-59.73	12132.09
309	2023.01.11 11:30	buy	126	0.52	1.07468	1.07235	1.08051	0.00	12132.09
310	2023.01.12 15:28	modify	126	0.52	1.07468	1.07478	1.08051	0.00	12132.09
311	2023.01.12 15:28	t/p	126	0.52	1.08051	1.07478	1.08051	290.14	12422.24
312	2023.01.17 09:45	buy	127	3.10	1.08260	1.08100	1.08660	0.00	12422.24
313	2023.01.17 12:28	s/l	127	3.10	1.08100	1.08100	1.08660	-496.00	11926.24
314	2023.01.24 15:00	sell	128	0.64	1.08598	1.08784	1.08133	0.00	11926.24
315	2023.01.24 15:26	s/l	128	0.64	1.08784	1.08784	1.08133	-119.04	11807.20
316	2023.01.30 09:30	sell	129	0.78	1.08567	1.08718	1.08190	0.00	11807.20
317	2023.01.30 10:00	s/l	129	0.78	1.08718	1.08718	1.08190	-117.78	11689.42
318	2023.02.08 15:00	sell	130	0.66	1.07338	1.07513	1.06901	0.00	11689.42
319	2023.02.09 10:23	s/l	130	0.66	1.07513	1.07513	1.06901	-110.48	11578.94
320	2023.02.15 14:00	sell	131	0.76	1.07111	1.07263	1.06731	0.00	11578.94
321	2023.02.15 15:30	modify	131	0.76	1.07111	1.07101	1.06731	0.00	11578.94
322	2023.02.15 16:23	t/p	131	0.76	1.06731	1.07101	1.06731	288.80	11867.74
323	2023.02.16 10:30	buy	132	1.26	1.07194	1.07007	1.07662	0.00	11867.74
324	2023.02.16 10:54	s/l	132	1.26	1.07007	1.07007	1.07662	-235.62	11632.12
325	2023.02.20 15:45	buy	133	0.68	1.06855	1.06684	1.07283	0.00	11632.12
326	2023.02.21 03:13	s/l	133	0.68	1.06684	1.06684	1.07283	-121.95	11510.17
327	2023.02.21 16:00	sell	134	0.61	1.06529	1.06716	1.06062	0.00	11510.17
328	2023.02.21 16:35	s/l	134	0.61	1.06716	1.06716	1.06062	-114.07	11396.10
329	2023.02.23 09:30	sell	135	0.33	1.06124	1.06296	1.05694	0.00	11396.10
330	2023.02.23 13:22	modify	135	0.33	1.06124	1.06114	1.05694	0.00	11396.10
331	2023.02.23 14:29	s/l	135	0.33	1.06114	1.06114	1.05694	3.30	11399.40
332	2023.03.09 16:00	buy	136	0.95	1.05744	1.05506	1.06339	0.00	11399.40
333	2023.03.10 15:30	modify	136	0.95	1.05744	1.05754	1.06339	0.00	11399.40
334	2023.03.10 15:42	t/p	136	0.95	1.06339	1.05754	1.06339	557.32	11956.72
335	2023.03.14 11:45	buy	137	1.70	1.07069	1.06894	1.07507	0.00	11956.72
336	2023.03.14 14:30	modify	137	1.70	1.07069	1.07079	1.07507	0.00	11956.72
337	2023.03.14 14:35	s/l	137	1.70	1.07079	1.07079	1.07507	17.00	11973.72
338	2023.03.16 11:30	sell	138	0.73	1.06092	1.06296	1.05582	0.00	11973.72
339	2023.03.16 14:43	modify	138	0.73	1.06092	1.06082	1.05582	0.00	11973.72
340	2023.03.16 15:15	s/l	138	0.73	1.06082	1.06082	1.05582	7.30	11981.02
341	2023.03.27 10:30	sell	139	1.34	1.07620	1.07842	1.07065	0.00	11981.02
342	2023.03.27 16:24	s/l	139	1.34	1.07842	1.07842	1.07065	-297.48	11683.54
343	2023.03.29 16:00	buy	140	0.69	1.08539	1.08370	1.08962	0.00	11683.54
344	2023.03.29 16:23	s/l	140	0.69	1.08370	1.08370	1.08962	-116.61	11566.93
345	2023.04.04 09:30	buy	141	0.61	1.08998	1.08810	1.09468	0.00	11566.93
346	2023.04.04 10:52	modify	141	0.61	1.08998	1.09008	1.09468	0.00	11566.93
347	2023.04.04 14:59	s/l	141	0.61	1.09008	1.09008	1.09468	6.10	11573.03
348	2023.04.05 15:30	buy	142	2.78	1.09522	1.09356	1.09937	0.00	11573.03
349	2023.04.05 17:10	s/l	142	2.78	1.09356	1.09356	1.09937	-461.48	11111.55
350	2023.04.10 14:30	sell	143	0.62	1.08936	1.09114	1.08491	0.00	11111.55
351	2023.04.10 15:09	modify	143	0.62	1.08936	1.08926	1.08491	0.00	11111.55
352	2023.04.10 15:59	t/p	143	0.62	1.08491	1.08926	1.08491	275.90	11387.45
353	2023.04.11 10:15	buy	144	2.77	1.08954	1.08790	1.09364	0.00	11387.45
354	2023.04.11 12:32	modify	144	2.77	1.08954	1.08964	1.09364	0.00	11387.45
355	2023.04.11 20:12	s/l	144	2.77	1.08964	1.08964	1.09364	27.70	11415.15
356	2023.04.19 10:45	sell	145	1.74	1.09581	1.09745	1.09171	0.00	11415.15
357	2023.04.19 12:32	modify	145	1.74	1.09581	1.09571	1.09171	0.00	11415.15
358	2023.04.19 16:07	s/l	145	1.74	1.09571	1.09571	1.09171	17.40	11432.55
359	2023.05.02 11:00	sell	146	1.25	1.09858	1.10086	1.09288	0.00	11432.55
360	2023.05.02 12:58	modify	146	1.25	1.09858	1.09848	1.09288	0.00	11432.55
361	2023.05.02 17:35	s/l	146	1.25	1.09848	1.09848	1.09288	12.50	11445.05
362	2023.05.10 11:00	sell	147	1.43	1.09646	1.09845	1.09149	0.00	11445.05
363	2023.05.10 15:31	s/l	147	1.43	1.09845	1.09845	1.09149	-284.57	11160.48
364	2023.05.16 16:45	buy	148	0.69	1.08878	1.08717	1.09281	0.00	11160.48
365	2023.05.16 17:04	s/l	148	0.69	1.08717	1.08717	1.09281	-111.09	11049.39
366	2023.05.22 09:30	buy	149	0.69	1.08212	1.08053	1.08610	0.00	11049.39
367	2023.05.22 10:13	s/l	149	0.69	1.08053	1.08053	1.08610	-109.71	10939.68
368	2023.05.24 16:45	sell	150	0.57	1.07770	1.07961	1.07293	0.00	10939.68
369	2023.05.25 00:03	modify	150	0.57	1.07770	1.07760	1.07293	0.00	10939.68
370	2023.05.25 09:08	t/p	150	0.57	1.07293	1.07760	1.07293	276.23	11215.90
371	2023.06.01 10:30	sell	151	1.37	1.06724	1.06887	1.06317	0.00	11215.90
372	2023.06.01 12:03	s/l	151	1.37	1.06887	1.06887	1.06317	-223.31	10992.59
373	2023.06.15 11:00	buy	152	0.26	1.08272	1.08065	1.08790	0.00	10992.59
374	2023.06.15 15:30	modify	152	0.26	1.08272	1.08282	1.08790	0.00	10992.59
375	2023.06.15 15:41	t/p	152	0.26	1.08790	1.08282	1.08790	134.68	11127.27
376	2023.06.21 16:00	buy	153	2.34	1.09252	1.09062	1.09727	0.00	11127.27
377	2023.06.21 17:35	modify	153	2.34	1.09252	1.09262	1.09727	0.00	11127.27
378	2023.06.21 19:51	t/p	153	2.34	1.09727	1.09262	1.09727	1111.50	12238.77
379	2023.07.06 16:30	buy	154	0.65	1.08860	1.08626	1.09445	0.00	12238.77
380	2023.07.06 17:06	s/l	154	0.65	1.08626	1.08626	1.09445	-152.10	12086.67
381	2023.07.19 09:15	sell	155	0.61	1.12182	1.12377	1.11695	0.00	12086.67
382	2023.07.19 12:18	s/l	155	0.61	1.12377	1.12377	1.11695	-118.95	11967.72
383	2023.07.20 10:45	sell	156	0.28	1.12018	1.12230	1.11488	0.00	11967.72
384	2023.07.20 17:09	modify	156	0.28	1.12018	1.12008	1.11488	0.00	11967.72
385	2023.07.20 17:30	t/p	156	0.28	1.11488	1.12008	1.11488	148.40	12116.12
386	2023.07.24 10:30	sell	157	1.94	1.11241	1.11490	1.10619	0.00	12116.12
387	2023.07.24 10:32	modify	157	1.94	1.11241	1.11231	1.10619	0.00	12116.12
388	2023.07.24 22:41	t/p	157	1.94	1.10619	1.11231	1.10619	1206.68	13322.80
389	2023.07.27 10:15	buy	158	0.81	1.11082	1.10878	1.11592	0.00	13322.80
390	2023.07.27 11:56	modify	158	0.81	1.11082	1.11092	1.11592	0.00	13322.80
391	2023.07.27 15:17	s/l	158	0.81	1.11092	1.11092	1.11592	8.10	13330.90
392	2023.08.02 09:15	sell	159	2.08	1.09833	1.09993	1.09433	0.00	13330.90
393	2023.08.02 15:40	modify	159	2.08	1.09833	1.09823	1.09433	0.00	13330.90
394	2023.08.02 17:09	t/p	159	2.08	1.09433	1.09823	1.09433	832.00	14162.90
395	2023.08.03 15:30	sell	160	0.77	1.09279	1.09508	1.08707	0.00	14162.90
396	2023.08.03 15:41	s/l	160	0.77	1.09508	1.09508	1.08707	-176.33	13986.57
397	2023.08.29 10:30	buy	161	0.79	1.08241	1.08064	1.08684	0.00	13986.57
398	2023.08.29 12:07	s/l	161	0.79	1.08064	1.08064	1.08684	-139.83	13846.74
399	2023.09.12 16:00	sell	162	0.87	1.07073	1.07231	1.06678	0.00	13846.74
400	2023.09.12 18:08	s/l	162	0.87	1.07231	1.07231	1.06678	-137.46	13709.28
401	2023.09.20 16:15	buy	163	0.71	1.07094	1.06902	1.07574	0.00	13709.28
402	2023.09.20 21:01	s/l	163	0.71	1.06902	1.06902	1.07574	-136.32	13572.96
403	2023.09.25 15:00	sell	164	0.89	1.06305	1.06456	1.05928	0.00	13572.96
404	2023.09.25 16:31	modify	164	0.89	1.06305	1.06295	1.05928	0.00	13572.96
405	2023.09.25 17:07	t/p	164	0.89	1.05928	1.06295	1.05928	335.53	13908.49
406	2023.10.10 11:15	buy	165	2.22	1.05824	1.05574	1.06449	0.00	13908.49
407	2023.10.10 19:03	modify	165	2.22	1.05824	1.05834	1.06449	0.00	13908.49
408	2023.10.11 15:30	s/l	165	2.22	1.05834	1.05834	1.06449	3.68	13912.17
409	2023.11.02 10:45	buy	166	0.99	1.06065	1.05891	1.06500	0.00	13912.17
410	2023.11.02 12:41	modify	166	0.99	1.06065	1.06075	1.06500	0.00	13912.17
411	2023.11.02 14:14	t/p	166	0.99	1.06500	1.06075	1.06500	430.65	14342.82
412	2023.11.21 16:15	buy	167	2.00	1.09548	1.09369	1.09996	0.00	14342.82
413	2023.11.21 17:53	s/l	167	2.00	1.09369	1.09369	1.09996	-358.00	13984.82
414	2023.11.22 10:30	sell	168	0.66	1.09005	1.09216	1.08478	0.00	13984.82
415	2023.11.22 17:00	modify	168	0.66	1.09005	1.08995	1.08478	0.00	13984.82
416	2023.11.23 04:12	s/l	168	0.66	1.08995	1.08995	1.08478	11.62	13996.44
417	2023.11.28 15:30	buy	169	3.35	1.09600	1.09433	1.10018	0.00	13996.44
418	2023.11.28 17:04	modify	169	3.35	1.09600	1.09610	1.10018	0.00	13996.44
419	2023.11.28 17:43	t/p	169	3.35	1.10018	1.09610	1.10018	1400.30	15396.74
420	2023.12.04 15:45	sell	170	2.36	1.08617	1.08780	1.08210	0.00	15396.74
421	2023.12.04 16:12	modify	170	2.36	1.08617	1.08607	1.08210	0.00	15396.74
422	2023.12.04 16:20	t/p	170	2.36	1.08210	1.08607	1.08210	960.52	16357.26
423	2024.01.08 10:15	sell	171	2.23	1.09323	1.09506	1.08866	0.00	16357.26
424	2024.01.08 13:21	s/l	171	2.23	1.09506	1.09506	1.08866	-408.09	15949.17
425	2024.01.09 11:15	sell	172	1.03	1.09385	1.09539	1.09000	0.00	15949.17
426	2024.01.09 18:03	modify	172	1.03	1.09385	1.09375	1.09000	0.00	15949.17
427	2024.01.09 19:27	s/l	172	1.03	1.09375	1.09375	1.09000	10.30	15959.47
428	2024.01.15 15:15	sell	173	4.17	1.09459	1.09612	1.09077	0.00	15959.47
429	2024.01.16 02:55	modify	173	4.17	1.09459	1.09449	1.09077	0.00	15959.47
430	2024.01.16 10:32	t/p	173	4.17	1.09077	1.09449	1.09077	1603.52	17562.99
431	2024.01.18 11:30	buy	174	1.12	1.08942	1.08747	1.09430	0.00	17562.99
432	2024.01.18 14:58	s/l	174	1.12	1.08747	1.08747	1.09430	-218.40	17344.59
433	2024.01.24 11:15	buy	175	0.71	1.08847	1.08606	1.09450	0.00	17344.59
434	2024.01.24 15:50	modify	175	0.71	1.08847	1.08857	1.09450	0.00	17344.59
435	2024.01.24 21:19	s/l	175	0.71	1.08857	1.08857	1.09450	7.10	17351.69
436	2024.02.29 16:15	buy	176	1.77	1.08463	1.08268	1.08951	0.00	17351.69
437	2024.02.29 17:52	s/l	176	1.77	1.08268	1.08268	1.08951	-345.15	17006.54
438	2024.04.17 16:15	buy	177	1.09	1.06450	1.06294	1.06840	0.00	17006.54
439	2024.04.17 20:58	modify	177	1.09	1.06450	1.06460	1.06840	0.00	17006.54
440	2024.04.18 09:04	t/p	177	1.09	1.06840	1.06460	1.06840	397.82	17404.35
441	2024.05.29 16:15	sell	178	3.68	1.08387	1.08576	1.07915	0.00	17404.35
442	2024.05.29 18:31	modify	178	3.68	1.08387	1.08377	1.07915	0.00	17404.35
443	2024.05.30 08:23	t/p	178	3.68	1.07915	1.08377	1.07915	1764.96	19169.31
444	2024.07.08 09:45	buy	179	2.99	1.08286	1.08126	1.08686	0.00	19169.31
445	2024.07.09 14:39	s/l	179	2.99	1.08126	1.08126	1.08686	-503.35	18665.96
446	2024.07.25 16:30	sell	180	0.56	1.08402	1.08567	1.07990	0.00	18665.96
447	2024.07.25 17:50	s/l	180	0.56	1.08567	1.08567	1.07990	-92.40	18573.56
448	2024.07.31 15:30	buy	181	1.06	1.08404	1.08230	1.08839	0.00	18573.56
449	2024.07.31 17:47	s/l	181	1.06	1.08230	1.08230	1.08839	-184.44	18389.12
450	2024.08.01 16:15	sell	182	0.43	1.07890	1.08102	1.07360	0.00	18389.12
451	2024.08.01 17:00	s/l	182	0.43	1.08102	1.08102	1.07360	-91.16	18297.96
452	2024.08.22 11:15	buy	183	0.44	1.11458	1.11253	1.11971	0.00	18297.96
453	2024.08.22 16:45	s/l	183	0.44	1.11253	1.11253	1.11971	-90.20	18207.76
454	2024.08.28 11:30	sell	184	1.05	1.11438	1.11610	1.11008	0.00	18207.76
455	2024.08.28 14:57	modify	184	1.05	1.11438	1.11428	1.11008	0.00	18207.76
456	2024.08.29 11:04	t/p	184	1.05	1.11008	1.11428	1.11008	459.49	18667.25
457	2024.09.24 15:15	buy	185	4.31	1.11373	1.11200	1.11806	0.00	18667.25
458	2024.09.24 17:28	modify	185	4.31	1.11373	1.11383	1.11806	0.00	18667.25
459	2024.09.24 23:56	t/p	185	4.31	1.11806	1.11383	1.11806	1866.23	20533.48
460	2024.09.26 16:15	sell	186	1.11	1.11409	1.11640	1.10832	0.00	20533.48
461	2024.09.26 17:43	s/l	186	1.11	1.11640	1.11640	1.10832	-256.41	20277.07
462	2024.10.24 16:15	buy	187	0.64	1.08021	1.07865	1.08411	0.00	20277.07
463	2024.10.24 21:50	modify	187	0.64	1.08021	1.08031	1.08411	0.00	20277.07
464	2024.10.25 19:50	s/l	187	0.64	1.08031	1.08031	1.08411	1.06	20278.13
465	2024.10.30 15:45	buy	188	3.77	1.08308	1.08093	1.08846	0.00	20278.13
466	2024.10.30 17:44	modify	188	3.77	1.08308	1.08318	1.08846	0.00	20278.13
467	2024.10.31 14:41	t/p	188	3.77	1.08846	1.08318	1.08846	1933.89	22212.02
468	2024.10.31 16:30	buy	189	1.26	1.08715	1.08495	1.09265	0.00	22212.02
469	2024.10.31 17:51	s/l	189	1.26	1.08495	1.08495	1.09265	-277.20	21934.82
470	2024.11.13 16:30	sell	190	1.05	1.06206	1.06413	1.05689	0.00	21934.82
471	2024.11.13 16:52	modify	190	1.05	1.06206	1.06196	1.05689	0.00	21934.82
472	2024.11.13 17:06	t/p	190	1.05	1.05689	1.06196	1.05689	542.85	22477.67
473	2024.11.18 15:30	buy	191	5.02	1.05572	1.05393	1.06020	0.00	22477.67
474	2024.11.18 18:58	modify	191	5.02	1.05572	1.05582	1.06020	0.00	22477.67
475	2024.11.18 21:06	t/p	191	5.02	1.06020	1.05582	1.06020	2248.96	24726.63
476	2024.11.21 16:15	sell	192	1.87	1.05245	1.05410	1.04833	0.00	24726.63
477	2024.11.21 17:08	s/l	192	1.87	1.05410	1.05410	1.04833	-308.55	24418.08
478	2024.11.26 10:00	sell	193	1.57	1.04719	1.04874	1.04332	0.00	24418.08
479	2024.11.26 10:21	s/l	193	1.57	1.04874	1.04874	1.04332	-243.35	24174.73
480	2024.11.28 16:45	buy	194	0.80	1.05445	1.05294	1.05823	0.00	24174.73
481	2024.11.29 02:36	modify	194	0.80	1.05445	1.05455	1.05823	0.00	24174.73
482	2024.11.29 09:00	t/p	194	0.80	1.05823	1.05455	1.05823	295.72	24470.45
483	2024.12.02 09:15	sell	195	4.51	1.05174	1.05391	1.04632	0.00	24470.45
484	2024.12.02 16:42	modify	195	4.51	1.05174	1.05164	1.04632	0.00	24470.45
485	2024.12.02 17:02	t/p	195	4.51	1.04632	1.05164	1.04632	2444.42	26914.87
486	2024.12.03 16:00	buy	196	4.39	1.05244	1.05091	1.05627	0.00	26914.87
487	2024.12.03 17:00	s/l	196	4.39	1.05091	1.05091	1.05627	-671.67	26243.20
488	2024.12.04 10:45	sell	197	1.39	1.04980	1.05168	1.04510	0.00	26243.20
489	2024.12.04 17:00	s/l	197	1.39	1.05168	1.05168	1.04510	-261.32	25981.88
490	2024.12.05 11:45	buy	198	0.86	1.05342	1.05191	1.05720	0.00	25981.88
491	2024.12.05 15:30	modify	198	0.86	1.05342	1.05352	1.05720	0.00	25981.88
492	2024.12.05 16:00	t/p	198	0.86	1.05720	1.05352	1.05720	325.08	26306.96
493	2025.01.02 11:45	sell	199	3.20	1.03557	1.03721	1.03147	0.00	26306.96
494	2025.01.02 12:48	modify	199	3.20	1.03557	1.03547	1.03147	0.00	26306.96
495	2025.01.02 12:49	t/p	199	3.20	1.03147	1.03547	1.03147	1312.00	27618.96
496	2025.01.14 16:30	buy	200	2.90	1.02652	1.02414	1.03247	0.00	27618.96
497	2025.01.14 18:16	modify	200	2.90	1.02652	1.02662	1.03247	0.00	27618.96
498	2025.01.15 15:30	t/p	200	2.90	1.03247	1.02662	1.03247	1701.30	29320.27
499	2025.01.27 09:45	buy	201	3.98	1.04703	1.04519	1.05163	0.00	29320.27
500	2025.01.27 12:05	modify	201	3.98	1.04703	1.04713	1.05163	0.00	29320.27
501	2025.01.27 13:13	t/p	201	3.98	1.05163	1.04713	1.05163	1830.80	31151.07
502	2025.01.30 11:15	sell	202	2.38	1.04097	1.04260	1.03690	0.00	31151.07
503	2025.01.30 15:53	s/l	202	2.38	1.04260	1.04260	1.03690	-387.94	30763.13
504	2025.02.04 15:15	buy	203	1.99	1.03361	1.03207	1.03746	0.00	30763.13
505	2025.02.04 16:18	modify	203	1.99	1.03361	1.03371	1.03746	0.00	30763.13
506	2025.02.04 17:00	t/p	203	1.99	1.03746	1.03371	1.03746	766.15	31529.28
507	2025.02.10 14:00	sell	204	8.08	1.03204	1.03360	1.02814	0.00	31529.28
508	2025.02.11 04:34	modify	204	8.08	1.03204	1.03194	1.02814	0.00	31529.28
509	2025.02.11 10:57	s/l	204	8.08	1.03194	1.03194	1.02814	101.29	31630.57
510	2025.02.26 10:30	buy	205	4.01	1.05093	1.04896	1.05586	0.00	31630.57
511	2025.02.26 13:50	s/l	205	4.01	1.04896	1.04896	1.05586	-789.97	30840.60
512	2025.03.12 16:45	buy	206	1.29	1.09028	1.08790	1.09623	0.00	30840.60
513	2025.03.13 08:07	s/l	206	1.29	1.08790	1.08790	1.09623	-339.31	30501.29
514	2025.03.13 09:45	sell	207	0.61	1.08621	1.08870	1.07999	0.00	30501.29
515	2025.03.13 15:12	modify	207	0.61	1.08621	1.08611	1.07999	0.00	30501.29
516	2025.03.13 16:03	s/l	207	0.61	1.08611	1.08611	1.07999	6.10	30507.39
517	2025.03.17 15:00	buy	208	7.44	1.09018	1.08854	1.09428	0.00	30507.39
518	2025.03.17 17:25	modify	208	7.44	1.09018	1.09028	1.09428	0.00	30507.39
519	2025.03.18 10:11	t/p	208	7.44	1.09428	1.09028	1.09428	2988.32	33495.71
520	2025.03.19 15:00	sell	209	4.89	1.09014	1.09185	1.08587	0.00	33495.71
521	2025.03.19 17:58	modify	209	4.89	1.09014	1.09004	1.08587	0.00	33495.71
522	2025.03.19 20:36	s/l	209	4.89	1.09004	1.09004	1.08587	48.90	33544.61
523	2025.03.24 14:00	sell	210	4.41	1.08320	1.08510	1.07845	0.00	33544.61
524	2025.03.24 15:51	modify	210	4.41	1.08320	1.08310	1.07845	0.00	33544.61
525	2025.03.24 18:41	t/p	210	4.41	1.07845	1.08310	1.07845	2094.75	35639.36
526	2025.03.25 16:15	sell	211	3.95	1.08051	1.08276	1.07489	0.00	35639.36
527	2025.03.26 15:29	modify	211	3.95	1.08051	1.08041	1.07489	0.00	35639.36
528	2025.03.26 21:17	t/p	211	3.95	1.07489	1.08041	1.07489	2229.92	37869.27
529	2025.03.27 15:45	buy	212	2.22	1.07959	1.07746	1.08492	0.00	37869.27
530	2025.03.28 11:03	s/l	212	2.22	1.07746	1.07746	1.08492	-491.38	37377.89
531	2025.03.31 14:15	buy	213	2.07	1.08255	1.08075	1.08705	0.00	37377.89
532	2025.03.31 15:42	s/l	213	2.07	1.08075	1.08075	1.08705	-372.60	37005.29
533	2025.04.17 10:45	buy	214	0.96	1.13697	1.13505	1.14177	0.00	37005.29
534	2025.04.17 15:16	s/l	214	0.96	1.13505	1.13505	1.14177	-184.32	36820.97
535	2025.04.29 10:45	buy	215	1.80	1.14052	1.13848	1.14562	0.00	36820.97
536	2025.04.29 11:13	s/l	215	1.80	1.13848	1.13848	1.14562	-367.20	36453.77
537	2025.04.29 15:30	buy	216	1.95	1.13862	1.13676	1.14327	0.00	36453.77
538	2025.04.29 16:18	modify	216	1.95	1.13862	1.13872	1.14327	0.00	36453.77
539	2025.04.29 17:47	s/l	216	1.95	1.13872	1.13872	1.14327	19.50	36473.27
540	2025.04.30 10:30	sell	217	6.88	1.13797	1.14009	1.13267	0.00	36473.27
541	2025.04.30 18:21	modify	217	6.88	1.13797	1.13787	1.13267	0.00	36473.27
542	2025.04.30 18:30	t/p	217	6.88	1.13267	1.13787	1.13267	3646.40	40119.67
543	2025.05.01 15:00	sell	218	2.19	1.13197	1.13425	1.12627	0.00	40119.67
544	2025.05.01 17:20	modify	218	2.19	1.13197	1.13187	1.12627	0.00	40119.67
545	2025.05.02 09:10	s/l	218	2.19	1.13187	1.13187	1.12627	27.45	40147.12
546	2025.05.14 09:30	buy	219	5.93	1.11946	1.11777	1.12369	0.00	40147.12
547	2025.05.14 11:03	modify	219	5.93	1.11946	1.11956	1.12369	0.00	40147.12
548	2025.05.14 11:07	t/p	219	5.93	1.12369	1.11956	1.12369	2508.39	42655.51
549	2025.05.15 09:30	buy	220	2.16	1.12077	1.11831	1.12692	0.00	42655.51
550	2025.05.15 14:34	s/l	220	2.16	1.11831	1.11831	1.12692	-531.36	42124.15
551	2025.05.22 15:45	sell	221	0.88	1.12926	1.13164	1.12331	0.00	42124.15
552	2025.05.22 20:28	modify	221	0.88	1.12926	1.12916	1.12331	0.00	42124.15
553	2025.05.23 03:24	s/l	221	0.88	1.12916	1.12916	1.12331	11.03	42135.19
554	2025.05.27 09:15	buy	222	7.35	1.13874	1.13645	1.14447	0.00	42135.19
555	2025.05.27 09:59	s/l	222	7.35	1.13645	1.13645	1.14447	-1683.15	40452.04
556	2025.05.28 14:00	sell	223	2.40	1.13254	1.13422	1.12834	0.00	40452.04
557	2025.05.28 16:11	modify	223	2.40	1.13254	1.13244	1.12834	0.00	40452.04
558	2025.05.29 02:10	t/p	223	2.40	1.12834	1.13244	1.12834	1026.26	41478.29
559	2025.06.05 10:15	buy	224	5.45	1.14189	1.14037	1.14569	0.00	41478.29
560	2025.06.05 15:30	modify	224	5.45	1.14189	1.14199	1.14569	0.00	41478.29
561	2025.06.05 15:50	s/l	224	5.45	1.14199	1.14199	1.14569	54.50	41532.79
562	2025.06.10 10:00	sell	225	4.67	1.13940	1.14162	1.13385	0.00	41532.79
563	2025.06.10 12:41	s/l	225	4.67	1.14162	1.14162	1.13385	-1036.74	40496.05
564	2025.06.16 08:15	buy	226	2.51	1.15458	1.15297	1.15861	0.00	40496.05
565	2025.06.16 09:51	modify	226	2.51	1.15458	1.15468	1.15861	0.00	40496.05
566	2025.06.16 16:00	t/p	226	2.51	1.15861	1.15468	1.15861	1011.53	41507.58
567	2025.06.18 11:30	sell	227	10.71	1.15033	1.15188	1.14646	0.00	41507.58
568	2025.06.18 17:04	s/l	227	10.71	1.15188	1.15188	1.14646	-1660.05	39847.53
569	2025.07.09 10:45	sell	228	1.98	1.17098	1.17299	1.16596	0.00	39847.53
570	2025.07.10 02:39	s/l	228	1.98	1.17299	1.17299	1.16596	-382.92	39464.62
571	2025.07.17 09:15	sell	229	1.03	1.16080	1.16271	1.15603	0.00	39464.62
572	2025.07.17 09:30	modify	229	1.03	1.16080	1.16070	1.15603	0.00	39464.62
573	2025.07.17 15:30	t/p	229	1.03	1.15603	1.16070	1.15603	491.31	39955.93
574	2025.07.22 16:45	buy	230	7.04	1.16990	1.16763	1.17558	0.00	39955.93
575	2025.07.22 18:16	modify	230	7.04	1.16990	1.17000	1.17558	0.00	39955.93
576	2025.07.22 19:07	t/p	230	7.04	1.17558	1.17000	1.17558	3998.72	43954.65
577	2025.08.21 16:45	sell	231	3.05	1.16334	1.16514	1.15884	0.00	43954.65
578	2025.08.21 17:45	modify	231	3.05	1.16334	1.16324	1.15884	0.00	43954.65
579	2025.08.22 07:21	t/p	231	3.05	1.15884	1.16324	1.15884	1380.23	45334.88
580	2025.08.26 09:15	sell	232	7.03	1.16297	1.16458	1.15895	0.00	45334.88
581	2025.08.26 10:12	modify	232	7.03	1.16297	1.16287	1.15895	0.00	45334.88
582	2025.08.26 12:12	s/l	232	7.03	1.16287	1.16287	1.15895	70.30	45405.18
583	2025.09.03 15:45	sell	233	7.51	1.16452	1.16603	1.16075	0.00	45405.18
584	2025.09.03 17:00	s/l	233	7.51	1.16603	1.16603	1.16075	-1134.01	44271.17
585	2025.09.29 15:00	buy	234	1.98	1.17293	1.17070	1.17851	0.00	44271.17
586	2025.10.01 08:00	modify	234	1.98	1.17293	1.17303	1.17851	0.00	44271.17
587	2025.10.01 13:02	s/l	234	1.98	1.17303	1.17303	1.17851	-13.24	44257.93
588	2025.10.01 15:15	sell	235	2.34	1.17234	1.17423	1.16762	0.00	44257.93
589	2025.10.01 15:15	s/l	235	2.34	1.17423	1.17423	1.16762	-442.26	43815.67
590	2025.10.02 10:15	buy	236	1.12	1.17516	1.17321	1.18004	0.00	43815.67
591	2025.10.02 16:39	s/l	236	1.12	1.17321	1.17321	1.18004	-218.40	43597.27
592	2025.10.09 09:15	sell	237	1.26	1.16299	1.16472	1.15867	0.00	43597.27
593	2025.10.09 11:35	modify	237	1.26	1.16299	1.16289	1.15867	0.00	43597.27
594	2025.10.09 17:22	t/p	237	1.26	1.15867	1.16289	1.15867	544.32	44141.59
595	2025.10.14 09:30	sell	238	8.61	1.15710	1.15915	1.15198	0.00	44141.59
596	2025.10.14 17:40	s/l	238	8.61	1.15915	1.15915	1.15198	-1765.05	42376.54
597	2025.10.15 16:45	buy	239	2.24	1.16272	1.16083	1.16745	0.00	42376.54
598	2025.10.16 03:27	modify	239	2.24	1.16272	1.16282	1.16745	0.00	42376.54
599	2025.10.16 04:51	t/p	239	2.24	1.16745	1.16282	1.16745	1003.45	43379.99
600	2025.10.27 10:45	buy	240	10.84	1.16315	1.16155	1.16715	0.00	43379.99
601	2025.10.28 02:20	modify	240	10.84	1.16315	1.16325	1.16715	0.00	43379.99
602	2025.10.28 15:07	s/l	240	10.84	1.16325	1.16325	1.16715	17.95	43397.94
603	2025.10.28 16:30	buy	241	4.53	1.16557	1.16318	1.17155	0.00	43397.94
604	2025.10.29 06:55	s/l	241	4.53	1.16318	1.16318	1.17155	-1120.47	42277.47
605	2025.11.10 09:45	buy	242	2.21	1.15705	1.15514	1.16183	0.00	42277.47
606	2025.11.10 17:41	s/l	242	2.21	1.15514	1.15514	1.16183	-422.11	41855.36
607	2025.11.19 15:45	sell	243	2.29	1.15749	1.15931	1.15294	0.00	41855.36
608	2025.11.19 17:10	modify	243	2.29	1.15749	1.15739	1.15294	0.00	41855.36
609	2025.11.19 19:26	t/p	243	2.29	1.15294	1.15739	1.15294	1041.95	42897.31
610	2025.12.01 09:30	buy	244	9.03	1.16082	1.15892	1.16557	0.00	42897.31
611	2025.12.01 14:37	modify	244	9.03	1.16082	1.16092	1.16557	0.00	42897.31
612	2025.12.01 21:11	s/l	244	9.03	1.16092	1.16092	1.16557	90.30	42987.61
613	2025.12.16 16:00	buy	245	5.14	1.17758	1.17549	1.18281	0.00	42987.61
614	2025.12.16 20:07	s/l	245	5.14	1.17549	1.17549	1.18281	-1074.26	41913.35
615	2025.12.24 11:00	buy	246	1.91	1.17995	1.17776	1.18543	0.00	41913.35
616	2025.12.24 16:55	s/l	246	1.91	1.17776	1.17776	1.18543	-418.29	41495.06
617	2026.01.12 15:15	buy	247	2.46	1.16925	1.16757	1.17345	0.00	41495.06
618	2026.01.12 16:29	s/l	247	2.46	1.16757	1.16757	1.17345	-413.28	41081.78
619	2026.01.19 09:15	buy	248	2.38	1.16400	1.16228	1.16830	0.00	41081.78
620	2026.01.19 10:07	s/l	248	2.38	1.16228	1.16228	1.16830	-409.36	40672.42
621	2026.01.29 15:00	buy	249	1.10	1.19613	1.19429	1.20073	0.00	40672.42
622	2026.01.29 15:49	s/l	249	1.10	1.19429	1.19429	1.20073	-202.40	40470.02
623	2026.02.04 16:15	sell	250	2.02	1.18076	1.18276	1.17576	0.00	40470.02
624	2026.02.05 23:02	modify	250	2.02	1.18076	1.18066	1.17576	0.00	40470.02
625	2026.02.06 15:49	s/l	250	2.02	1.18066	1.18066	1.17576	40.69	40510.71
626	2026.02.18 16:00	sell	251	6.61	1.18236	1.18481	1.17624	0.00	40510.71
627	2026.02.18 20:47	modify	251	6.61	1.18236	1.18226	1.17624	0.00	40510.71
628	2026.02.19 15:04	t/p	251	6.61	1.17624	1.18226	1.17624	4095.61	44606.32
629	2026.02.25 16:00	sell	252	5.93	1.17734	1.17922	1.17264	0.00	44606.32
630	2026.02.25 17:07	s/l	252	5.93	1.17922	1.17922	1.17264	-1114.84	43491.48
631	2026.03.17 09:15	buy	253	2.71	1.14885	1.14725	1.15285	0.00	43491.48
632	2026.03.17 10:48	modify	253	2.71	1.14885	1.14895	1.15285	0.00	43491.48
633	2026.03.17 15:00	t/p	253	2.71	1.15285	1.14895	1.15285	1084.00	44575.48
